0
0.061905 0.049245 0.010000 0.678307
0.015937 0.024635 0.010000 2.179849
0.055637 0.048226 0.010000 1.194304
0.082486 0.047675 0.010000 6.225118
0.003257 0.010828 0.010000 5.848947
0.018885 0.075520 0.010000 3.147796
0.067310 0.007097 0.010000 0.569222
0.064205 0.057305 0.010000 3.508540
0.004514 0.024973 0.010000 3.528671
0.057986 0.050928 0.010000 0.404346
0.051652 0.078372 0.010000 2.778924
0.072493 0.041628 0.010000 2.053325
0.039929 0.037599 0.010000 5.414930
0.050730 0.059766 0.010000 0.600971
0.015379 0.008178 0.010000 1.074253
0.025604 0.020591 0.010000 2.648026
0.060470 0.006924 0.010000 4.668100
0.016913 0.018000 0.010000 1.214346
0.054659 0.056487 0.010000 2.709547
0.044661 0.056340 0.010000 4.760089
0.064130 0.002064 0.010000 4.792322
0.081486 0.022468 0.010000 5.275812
0.034962 0.013019 0.010000 5.854604
0.043828 0.009310 0.010000 6.221633
0.064432 0.019237 0.010000 1.598334
0.062547 0.031125 0.010000 2.617781
0.061928 0.010371 0.010000 4.782376
0.048201 0.026910 0.010000 3.654053
0.005002 0.048372 0.010000 1.878457
0.000499 0.073702 0.010000 4.134233
0.075632 0.085609 0.010000 4.937471
0.074849 0.045767 0.010000 2.622656
0.023636 0.020383 0.010000 6.037591
0.060484 0.008523 0.010000 3.353836
0.055130 0.024082 0.010000 0.633297
0.081877 0.006737 0.010000 3.469086
0.049490 0.045724 0.010000 1.016222
0.000641 0.034689 0.010000 5.536686
0.001840 0.020169 0.010000 4.791082
0.014625 0.079283 0.010000 2.553744
0.002921 0.077137 0.010000 2.288111
0.058670 0.019897 0.010000 3.219705
0.040155 0.024019 0.010000 0.817739
0.054404 0.059354 0.010000 0.491818
0.029023 0.013644 0.010000 5.534284
0.056420 0.001945 0.010000 0.243974
0.063652 0.011107 0.010000 3.633799
0.063206 0.025612 0.010000 2.247719
0.062084 0.044973 0.010000 0.670997
0.026955 0.045359 0.010000 1.587633
0.063397 0.022568 0.010000 0.804112
0.050915 0.046708 0.010000 3.530886
0.024043 0.021545 0.010000 1.915227
0.066622 0.034634 0.010000 3.800203
0.076173 0.032888 0.010000 4.188093
0.003430 0.017325 0.010000 2.660658
0.015522 0.001086 0.010000 4.675034
0.025169 0.001323 0.010000 0.665409
0.066867 0.026447 0.010000 5.654663
0.041965 0.078866 0.010000 6.142794
0.053162 0.036703 0.010000 0.067884
0.020874 0.083560 0.010000 5.423051
0.051888 0.018841 0.010000 6.226224
0.021538 0.075019 0.010000 4.403934
0.023799 0.001009 0.010000 1.063440
0.082958 0.031639 0.010000 2.774721
0.075259 0.056665 0.010000 6.260536
0.020279 0.062877 0.010000 0.312453
0.041502 0.042443 0.010000 0.972202
0.006275 0.083967 0.010000 1.956726
0.005913 0.078663 0.010000 4.506722
0.063791 0.083966 0.010000 0.283618
0.003589 0.013523 0.010000 2.071918
0.053430 0.040037 0.010000 5.058938
0.011833 0.052712 0.010000 2.630547
0.006194 0.029301 0.010000 3.976740
0.066539 0.074132 0.010000 3.296806
0.065982 0.069075 0.010000 1.704059
0.068903 0.016161 0.010000 0.421967
0.051915 0.025567 0.010000 1.452857
0.040165 0.040319 0.010000 0.756177
0.072352 0.071675 0.010000 2.885880
0.027709 0.064408 0.010000 1.657959
0.080506 0.065614 0.010000 0.952010
0.031465 0.016316 0.010000 5.080596
0.030409 0.009028 0.010000 3.905502
0.063091 0.040476 0.010000 5.832060
0.082971 0.086718 0.010000 2.806723
0.006358 0.013622 0.010000 3.710749
0.014441 0.041344 0.010000 2.215559
0.075957 0.025516 0.010000 0.041787
0.016187 0.012504 0.010000 1.273345
0.025903 0.070070 0.010000 2.122802
0.072421 0.058676 0.010000 5.185892
0.067697 0.061830 0.010000 0.281394
0.021957 0.030962 0.010000 2.164951
0.006653 0.043730 0.010000 5.358868
0.014000 0.024626 0.010000 5.074549
0.006589 0.078054 0.010000 2.309025
0.016160 0.057778 0.010000 4.267528
0.045512 0.037402 0.010000 5.146284
0.062675 0.005377 0.010000 4.179230
0.041718 0.030546 0.010000 5.427085
0.005255 0.021027 0.010000 0.863207
0.067872 0.044180 0.010000 2.061803
0.049935 0.001060 0.010000 2.964485
0.001309 0.001917 0.010000 6.074501
0.084108 0.078379 0.010000 0.110919
0.025773 0.028293 0.010000 5.121864
0.085997 0.035730 0.010000 2.245259
0.073797 0.058878 0.010000 2.256232
0.001727 0.058127 0.010000 2.908941
0.042590 0.045987 0.010000 1.353585
0.009909 0.048123 0.010000 2.036628
0.057646 0.067229 0.010000 1.343173
0.014013 0.039741 0.010000 2.680914
0.036024 0.084698 0.010000 6.207850
0.064445 0.002932 0.010000 6.045613
0.066703 0.043917 0.010000 2.576009
0.080061 0.010128 0.010000 0.012719
0.017233 0.011187 0.010000 2.027412
0.017160 0.005558 0.010000 4.904236
0.037825 0.080544 0.010000 0.814560
0.004888 0.042486 0.010000 1.266347
0.066542 0.065598 0.010000 2.285470
0.021452 0.053162 0.010000 1.618980
0.034629 0.010575 0.010000 3.495145
0.007691 0.047448 0.010000 0.491801
0.059525 0.065605 0.010000 4.052229
0.042248 0.000372 0.010000 1.199016
0.079489 0.029822 0.010000 0.339274
0.014905 0.020183 0.010000 3.016300
0.081203 0.027934 0.010000 0.836403
0.020184 0.010198 0.010000 3.112436
0.038304 0.066442 0.010000 1.292334
0.047369 0.022303 0.010000 4.533852
0.075702 0.004590 0.010000 2.054627
0.018762 0.025537 0.010000 1.699143
0.056149 0.012794 0.010000 2.726282
0.079874 0.070668 0.010000 0.285604
0.073054 0.054996 0.010000 4.700647
0.049026 0.072160 0.010000 4.436709
0.022672 0.013023 0.010000 3.876823
0.054234 0.002667 0.010000 5.808697
0.047686 0.079153 0.010000 5.636573
0.050732 0.006209 0.010000 1.630708
0.015949 0.026129 0.010000 0.909251
0.014791 0.076166 0.010000 0.198980
0.055815 0.071611 0.010000 2.053845
0.061820 0.002082 0.010000 2.975987
0.017600 0.071618 0.010000 1.466821
0.000948 0.018044 0.010000 0.455831
0.072130 0.045725 0.010000 5.706616
0.060298 0.069001 0.010000 5.359455
0.069136 0.040542 0.010000 0.263548
0.070899 0.073195 0.010000 3.999169
0.033137 0.033211 0.010000 3.947600
0.054263 0.018724 0.010000 2.159839
0.052881 0.027880 0.010000 1.195403
0.034234 0.053937 0.010000 4.895784
0.080018 0.009480 0.010000 2.351712
0.072878 0.055626 0.010000 1.216260
0.043336 0.025738 0.010000 4.356580
0.053472 0.070992 0.010000 1.244382
0.009149 0.027594 0.010000 0.681111
0.079609 0.003801 0.010000 1.806640
0.030497 0.036805 0.010000 0.446536
0.014901 0.048612 0.010000 3.802777
0.007239 0.000948 0.010000 4.002516
0.009868 0.040952 0.010000 2.965251
0.030496 0.045833 0.010000 3.082325
0.082292 0.039954 0.010000 1.508889
0.038608 0.023994 0.010000 5.152979
0.041558 0.014561 0.010000 5.568182
0.079894 0.000689 0.010000 1.489327
0.081191 0.015520 0.010000 2.474366
0.077319 0.032361 0.010000 3.463559
0.055640 0.070263 0.010000 5.817306
0.013111 0.045660 0.010000 3.701696
0.021503 0.030328 0.010000 2.147683
0.075689 0.069760 0.010000 1.054422
0.080997 0.066379 0.010000 0.977783
0.029757 0.022306 0.010000 1.903361
0.056013 0.001504 0.010000 1.262975
0.009233 0.052939 0.010000 0.782381
0.077361 0.049302 0.010000 1.772186
0.085101 0.014079 0.010000 2.367892
0.021322 0.055144 0.010000 5.885214
0.011236 0.016743 0.010000 4.893459
0.045960 0.042806 0.010000 1.121853
0.044511 0.020341 0.010000 3.672971
0.064424 0.047638 0.010000 0.331540
0.073965 0.027087 0.010000 6.272401
0.077899 0.046360 0.010000 5.864577
0.020446 0.014214 0.010000 2.631837
0.024795 0.002116 0.010000 2.497090
0.048997 0.056217 0.010000 0.021053
0.035981 0.003232 0.010000 6.047827
0.058556 0.008832 0.010000 3.717661
0.051409 0.080321 0.010000 0.053033
0.072259 0.033191 0.010000 2.557407
0.029832 0.069499 0.010000 2.477850
0.009442 0.027244 0.010000 0.498008
0.029572 0.035017 0.010000 0.070414
0.027174 0.056925 0.010000 5.055827
0.031711 0.049099 0.010000 1.202788
0.012953 0.041156 0.010000 5.594907
0.000818 0.029985 0.010000 1.643534
0.070720 0.041487 0.010000 3.155982
0.070341 0.056679 0.010000 5.203459
0.054198 0.013147 0.010000 1.685050
0.045392 0.052756 0.010000 4.403693
0.054315 0.072566 0.010000 0.320832
0.035457 0.062345 0.010000 4.953712
0.050070 0.058820 0.010000 5.717791
0.068021 0.061535 0.010000 1.622952
0.056199 0.008192 0.010000 1.119766
0.057493 0.055362 0.010000 4.321294
0.060731 0.004538 0.010000 0.086255
0.014750 0.015138 0.010000 3.757642
0.065359 0.056819 0.010000 2.963329
0.082035 0.086487 0.010000 2.881916
0.017402 0.081077 0.010000 3.248477
0.034632 0.039379 0.010000 0.401016
0.040141 0.074878 0.010000 4.934140
0.033195 0.067884 0.010000 4.803687
0.076776 0.071509 0.010000 5.075449
0.072937 0.008069 0.010000 5.172682
0.014385 0.064733 0.010000 4.946264
0.023074 0.054539 0.010000 3.955721
0.002586 0.062137 0.010000 2.717930
0.038363 0.068664 0.010000 2.874687
0.078307 0.074774 0.010000 2.319126
0.027830 0.017640 0.010000 1.175021
0.059166 0.017092 0.010000 5.812661
0.066430 0.073668 0.010000 0.493678
0.006367 0.066056 0.010000 4.892149
0.053679 0.025677 0.010000 2.866840
0.076311 0.069498 0.010000 5.125829
0.028866 0.061080 0.010000 3.060273
0.041070 0.005458 0.010000 2.015184
0.012348 0.051898 0.010000 1.023455
0.055416 0.076768 0.010000 1.035827
0.054316 0.026539 0.010000 5.707070
0.039976 0.083853 0.010000 1.906073
0.014081 0.026329 0.010000 5.094673
0.051644 0.066652 0.010000 3.694953
0.033115 0.036345 0.010000 2.903030
0.035184 0.017162 0.010000 3.616489
0.042335 0.026778 0.010000 3.186967
0.052840 0.002139 0.010000 4.484050
0.059230 0.021187 0.010000 4.607083
0.012243 0.001474 0.010000 3.287763
0.044688 0.005124 0.010000 2.656590
0.002995 0.084206 0.010000 2.025147
0.029689 0.021244 0.010000 3.880448
0.050719 0.053622 0.010000 4.695674
0.051324 0.086709 0.010000 1.569531
0.075358 0.020677 0.010000 0.500622
0.052992 0.047323 0.010000 0.086400
0.048629 0.055720 0.010000 5.365611
0.061664 0.084864 0.010000 3.701312
0.047702 0.019169 0.010000 4.847700
0.080016 0.082811 0.010000 5.834055
0.038590 0.000198 0.010000 5.238338
0.077367 0.009403 0.010000 5.432638
0.085808 0.051187 0.010000 1.863969
0.052923 0.031531 0.010000 0.926401
0.025791 0.010782 0.010000 2.504182
0.065937 0.011457 0.010000 0.761849
0.003000 0.063940 0.010000 2.266825
0.081422 0.010047 0.010000 5.053007
0.079837 0.084718 0.010000 2.392396
0.075645 0.055155 0.010000 5.746290
0.056424 0.014379 0.010000 5.323947
0.052520 0.070553 0.010000 6.010703
0.047121 0.075285 0.010000 5.509269
0.014290 0.027470 0.010000 2.816302
0.074830 0.004247 0.010000 1.361651
0.007565 0.007268 0.010000 4.053141
0.068605 0.080247 0.010000 1.524025
0.057627 0.078021 0.010000 0.966800
0.069802 0.010691 0.010000 0.033238
0.053979 0.082166 0.010000 5.474216
0.085828 0.034525 0.010000 1.959885
0.003905 0.025750 0.010000 0.264981
0.015752 0.084083 0.010000 3.513279
0.044579 0.042948 0.010000 3.083631
0.005480 0.056739 0.010000 2.027732
0.014054 0.029164 0.010000 2.400759
0.073499 0.029267 0.010000 3.422049
0.056742 0.008401 0.010000 1.021224
0.077139 0.051720 0.010000 6.195682
0.064538 0.037270 0.010000 3.680125
0.039935 0.067379 0.010000 3.321482
0.053028 0.043680 0.010000 1.512856
0.018620 0.056292 0.010000 5.873479
0.057760 0.045433 0.010000 3.717181
0.064102 0.004720 0.010000 0.104137
0.052045 0.074583 0.010000 5.234437
0.022906 0.001870 0.010000 2.683886
0.005190 0.083130 0.010000 3.445541
0.018974 0.020962 0.010000 4.864961
0.069472 0.012609 0.010000 1.116800
0.034854 0.003441 0.010000 4.196779
0.026112 0.077964 0.010000 1.271621
0.019410 0.016086 0.010000 0.264972
0.008171 0.020433 0.010000 0.117354
0.041670 0.052543 0.010000 2.750861
0.044933 0.052401 0.010000 0.567204
0.029007 0.014044 0.010000 2.364436
0.016262 0.043452 0.010000 4.864054
0.001670 0.052712 0.010000 5.622666
0.066571 0.081362 0.010000 2.680377
0.050056 0.009114 0.010000 2.013893
0.026853 0.069225 0.010000 0.045888
0.057996 0.007690 0.010000 2.694430
0.021283 0.028221 0.010000 2.896034
0.034390 0.040278 0.010000 5.825499
0.028867 0.048970 0.010000 0.079155
0.016767 0.031398 0.010000 1.939203
0.009665 0.065758 0.010000 0.352819
0.045717 0.010776 0.010000 1.894432
0.003055 0.071731 0.010000 1.451217
0.064606 0.085293 0.010000 3.571819
0.037266 0.027324 0.010000 1.955415
0.081897 0.011139 0.010000 5.313421
0.047836 0.001512 0.010000 4.401338
0.004612 0.050239 0.010000 0.784853
0.053370 0.031797 0.010000 1.358012
0.026754 0.086651 0.010000 4.539064
0.056066 0.069439 0.010000 5.250538
0.085639 0.079460 0.010000 3.201448
0.036071 0.053937 0.010000 3.685441
0.052203 0.039156 0.010000 1.560735
0.041207 0.025972 0.010000 3.199189
0.080154 0.026496 0.010000 5.257435
0.084688 0.004359 0.010000 5.510672
0.084898 0.009573 0.010000 2.874977
0.063629 0.062297 0.010000 4.303433
0.035064 0.056270 0.010000 4.434508
0.076925 0.085710 0.010000 5.774349
0.038121 0.033268 0.010000 5.984558
0.069970 0.055304 0.010000 4.513160
0.064639 0.061600 0.010000 4.135545
0.031932 0.054551 0.010000 1.061461
0.036357 0.021694 0.010000 2.389219
0.045557 0.006953 0.010000 5.671581
0.034061 0.012466 0.010000 3.641641
0.062604 0.066106 0.010000 4.313895
0.004848 0.086310 0.010000 2.726004
0.039886 0.085433 0.010000 5.628899
0.033199 0.070350 0.010000 0.274999
0.008990 0.047295 0.010000 4.965152
0.063439 0.004845 0.010000 1.169569
0.033043 0.049238 0.010000 1.950684
0.032921 0.036830 0.010000 0.329049
0.039706 0.086433 0.010000 0.988955
0.019191 0.024414 0.010000 5.124901
0.048777 0.000179 0.010000 6.247164
0.054631 0.038351 0.010000 5.782713
0.078582 0.004534 0.010000 0.341785
0.075573 0.050848 0.010000 2.371068
0.082621 0.059387 0.010000 2.293047
0.040752 0.012812 0.010000 1.254137
0.039592 0.005439 0.010000 2.431928
0.007526 0.076836 0.010000 1.321831
0.085087 0.046579 0.010000 3.724952
0.002552 0.044167 0.010000 3.256231
0.005296 0.081879 0.010000 2.307854
0.066326 0.051178 0.010000 5.382085
0.071483 0.083219 0.010000 2.832153
0.026064 0.010746 0.010000 0.264758
0.015633 0.038143 0.010000 4.943344
0.024972 0.035476 0.010000 6.223712
0.030319 0.017685 0.010000 1.681056
0.077852 0.074380 0.010000 5.894847
0.086897 0.048241 0.010000 1.120095
0.023788 0.036102 0.010000 5.215967
0.063617 0.038284 0.010000 3.986085
0.052010 0.016748 0.010000 4.621522
0.019161 0.039337 0.010000 3.333174
0.039013 0.037124 0.010000 5.100159
0.069673 0.006729 0.010000 1.998192
0.007123 0.029528 0.010000 5.283826
0.085204 0.006739 0.010000 4.384133
0.061439 0.057211 0.010000 6.092394
0.056964 0.050700 0.010000 1.475030
0.013855 0.016112 0.010000 4.204255
0.082267 0.013927 0.010000 1.376267
0.079571 0.033179 0.010000 2.905248
0.070962 0.050262 0.010000 2.090135
0.036483 0.079606 0.010000 5.631100
0.085536 0.027955 0.010000 5.810380
0.066352 0.081974 0.010000 0.194690
0.031552 0.066175 0.010000 5.122626
0.020953 0.078797 0.010000 1.485956
0.080345 0.058038 0.010000 2.946155
0.063247 0.079388 0.010000 5.432631
0.080645 0.001621 0.010000 2.023532
