0
82.005700 7.289966 0.030000 1.696704
10.221892 72.335519 0.030000 2.890773
0.560259 3.653264 0.030000 3.041230
73.277562 36.812956 0.030000 4.649105
63.436122 10.178087 0.030000 3.985901
56.290876 52.188737 0.030000 0.534882
66.680370 5.040188 0.030000 4.903968
72.188989 88.184964 0.030000 0.393977
83.508551 21.012836 0.030000 3.750916
35.880236 65.007620 0.030000 1.551215
26.020611 98.293789 0.030000 0.559667
35.681783 48.866811 0.030000 4.364619
19.180209 53.622860 0.030000 3.435796
11.326092 39.386119 0.030000 3.835265
88.034986 20.961353 0.030000 1.357104
80.482360 58.828741 0.030000 1.703365
23.169463 16.456677 0.030000 1.658170
49.037023 18.559114 0.030000 3.903013
46.383297 88.384140 0.030000 6.154561
70.275804 17.535365 0.030000 2.092093
86.954745 11.027764 0.030000 0.272601
15.946517 62.393964 0.030000 4.035701
79.148614 79.506339 0.030000 3.651607
23.991919 22.534683 0.030000 4.944903
51.613729 24.529360 0.030000 2.780886
59.247956 97.420618 0.030000 2.008266
38.928354 35.828030 0.030000 1.663388
85.015153 70.140572 0.030000 0.982988
61.922015 9.084193 0.030000 5.332427
95.227016 11.393861 0.030000 4.572535
95.845206 91.797461 0.030000 5.233837
3.744522 33.891706 0.030000 3.603830
40.478308 31.598242 0.030000 4.045929
63.572657 48.353818 0.030000 4.997814
82.559361 38.629327 0.030000 6.076617
83.683601 50.630027 0.030000 5.239123
74.345707 79.066558 0.030000 1.058221
93.489373 53.998631 0.030000 3.453168
60.773587 66.602135 0.030000 0.089311
48.369543 42.577113 0.030000 4.983941
56.796413 14.433081 0.030000 5.947524
77.249707 49.405750 0.030000 5.343051
83.507912 33.329183 0.030000 6.102902
2.953984 86.696851 0.030000 5.943600
11.219746 97.735277 0.030000 4.739052
55.517496 73.736031 0.030000 3.252643
66.580793 67.314064 0.030000 5.038604
90.127608 9.918019 0.030000 1.063976
43.101106 16.268341 0.030000 0.359366
86.838704 33.527420 0.030000 0.443460
6.268809 37.292993 0.030000 6.105972
75.334055 40.450607 0.030000 2.296391
19.202099 5.882605 0.030000 0.941106
1.138071 27.532724 0.030000 4.500675
88.027087 98.432713 0.030000 1.165234
40.847759 81.464705 0.030000 0.419112
60.669751 93.281736 0.030000 6.056980
23.876263 81.778573 0.030000 4.611815
23.437837 66.394091 0.030000 4.671614
22.294200 93.811107 0.030000 0.012396
58.775360 46.318133 0.030000 0.029214
3.713598 29.620354 0.030000 0.007851
29.214474 69.587947 0.030000 4.543176
84.569966 79.247843 0.030000 0.918902
78.331215 85.785936 0.030000 1.227522
82.092788 6.040550 0.030000 0.676146
23.124021 88.641060 0.030000 1.943610
6.873940 44.796999 0.030000 5.608826
4.556036 88.090889 0.030000 3.726460
8.094635 94.285610 0.030000 1.816933
57.100632 10.156710 0.030000 0.480341
28.689813 2.391428 0.030000 4.395314
14.257695 93.430256 0.030000 5.938862
26.236911 66.159044 0.030000 1.899851
37.608187 99.295499 0.030000 5.208266
0.064040 15.880998 0.030000 5.463600
11.674374 28.744866 0.030000 5.805401
48.578156 94.886186 0.030000 2.089040
97.470120 32.518624 0.030000 4.852764
80.402266 49.753279 0.030000 0.116116
63.163025 58.709258 0.030000 3.623893
65.554481 91.438689 0.030000 0.651455
81.919775 28.027162 0.030000 1.777911
40.261148 0.583651 0.030000 1.778682
93.146621 91.404882 0.030000 0.495597
52.418880 21.554446 0.030000 3.283211
94.534729 66.997368 0.030000 2.453782
40.241394 3.265028 0.030000 2.549300
66.329360 88.075082 0.030000 1.675809
89.968971 1.411322 0.030000 2.799743
16.003708 13.653320 0.030000 1.741480
90.091806 99.477502 0.030000 3.223865
78.161610 58.489640 0.030000 4.178857
39.440470 45.010742 0.030000 3.231173
60.334854 16.534747 0.030000 3.941799
29.512900 35.643427 0.030000 4.280339
6.884111 64.950441 0.030000 5.033317
92.010157 45.799793 0.030000 2.805563
69.149242 7.009219 0.030000 3.393632
19.902737 21.773525 0.030000 1.554233
