400 10.00 1.0 4.00 2000
0.00787024436850977
0.010714667792020537
0.03700038350481719
0.06730263203107813
0.07239283061989678
0.09171363263900624
0.12651978520185345
0.11891982243271655
0.08846061871601874
0.08344920632748827
0.11826946940840283
0.1293588865470757
0.11744396567991951
0.09607052975953378
0.10895931389636788
0.1340327363948262
0.12814295968883507
0.14978252719618698
0.15321528047105618
0.12485186663382136
0.21863831461743174
0.20697754792135523
0.21969752992104355
0.26472162955889117
0.2644460338860491
0.24541790270607056
0.24623935775092998
0.23065622474256187
0.2170543052501889
0.246995798588015
0.23378375754389347
0.2503187458720954
0.3020299947870654
0.3158197503437679
0.2717420943103522
0.2786414095734671
0.3087204622902244
0.2660645877481719
0.2605806077258188
0.27433444054024686
0.2935593787759146
0.3295656863230509
0.32401523330926646
0.32433019384495293
0.3530211863346268
0.33621235041081926
0.3065239445054449
0.2605263786424677
0.2813325889710841
0.23961027369232682
0.25089360563103386
0.24392647676138055
0.21986750783882822
0.26982490511363366
0.2610630995515684
0.271456301683923
0.27988881746902144
0.1966657182649625
0.24880005426915094
0.2209230166991302
0.21368554619216865
0.2449499959319044
0.27464140705943946
0.2273037331138673
0.2235246406639966
0.24798976686232835
0.21743139959827815
0.2360080353367435
0.24961498531444168
0.22098496806962964
0.19493092877135273
0.2668669163516859
0.2349774606888265
0.21964386169261838
0.240155839110426
0.23999655240726872
0.2110557457602893
0.2959713831688968
0.28758742221447314
0.28312069230646913
0.2664838532015736
0.23958009540841774
0.2295999692329148
0.19535938130607142
0.21268805096009438
0.23727275775402246
0.19940270969590804
0.17754714190280838
0.22326367345908849
0.2676089637627459
0.27820160076492134
0.2988637767677908
0.26948849945028636
0.2830846708698262
0.2807484505480674
0.33857010564683937
0.3165502560567994
0.3787773521582903
0.3368883071634908
0.286816136523146
0.2818981831120844
0.3027239145146133
0.30048562051055105
0.3254967659149995
0.2986928505422419
0.31290728065979323
0.3342215562897665
0.2515075657369326
0.3172454954716636
0.2904830285832901
0.3388568827014525
0.33890807746600493
0.3230968219842068
0.2589889994354204
0.2560265200696245
0.28166233770877847
0.3001353266500953
0.31529590389837997
0.32944372011777223
0.2626304686838841
0.3304071222350538
0.331157974273756
0.32294542526020215
0.3758451988585672
0.33498427346576115
0.3370183388769474
0.29856561396596515
0.35850257211467645
0.3182855217616277
0.30461019321469784
0.30695786667814656
0.35342651911206047
0.33317480125534765
0.3065910899615004
0.31492274824999417
0.287503635990496
0.35133286377166834
0.31074238820847716
0.2681195558326221
0.24243651676616296
0.21396732347267577
0.2457911671841192
0.24439090084619
0.24861829512274747
0.19885045717401648
0.22101767546779735
0.18417714156810963
0.16381050480599954
0.17753288520108093
0.1446616764351523
0.10207812050058523
0.07943690983136503
0.10198911903591906
0.1619731143186387
0.1857021508294019
0.2000448050447061
0.21997977145596406
0.2069540759068265
0.1452687044961398
0.1559460429631604
0.14694990495755503
0.18870341543579014
0.1461842195024137
0.12049554251292997
0.15476325173919475
0.17436288081077844
0.17930958776030756
0.18276106288154023
0.19741540718100323
0.24325024829109024
0.22919225628006182
0.22251111614556593
0.22366901410836004
0.2051597348897782
0.1975065798390564
0.13707881754890197
0.20359085364257432
0.20775500864381455
0.17244615298934454
0.14533907873960064
0.1520179850194922
0.12210756689435165
0.19204733537223637
0.16799428807124028
0.1547649600348857
0.1346401517671251
0.1540827274143687
0.11494984657879724
0.08580190380753888
0.1463345089525706
0.1934064971388227
0.18061782601214257
0.2125105198230497
0.22501791154860773
0.22512057906371777
0.2631362795038105
0.25557234891451097
0.30859125192252784
0.2694728794178753
0.2697583922741555
0.2442545699933383
0.1940386182101906
0.20165665398835786
0.21728415857086567
0.24520942590202321
0.2054000882958492
0.2089486992383958
0.18632513240480833
0.19624271934496004
0.18704860919858346
0.15678405876762638
0.15331308392921086
0.15856364351340904
0.21376212559446917
0.16570493352200835
0.20786537063338117
0.22551140608827358
0.20116899533316004
0.22327402469449806
0.24063500538319751
0.209453528754485
0.13781988790322827
0.1887774988012192
0.16916829689454582
0.22398180425490008
0.2382835355999641
0.3306010383673272
0.3259598188067136
0.25103124763622425
0.258426651034286
0.243830467976765
0.23616011273046142
0.16606773046570802
0.16954717188484614
0.18375992256188076
0.21186856431158455
0.20762122912700112
0.23018244312831107
0.2577832228676712
0.1976257715206252
0.21030332783471054
0.2298872742016521
0.24129108761693532
0.23585020510750118
0.21827133626298414
0.21473055589857656
0.19399025224171654
0.26321217930585006
0.23592040606046893
0.22774521318665486
0.21956958816459524
0.2894232221317589
0.27960690526361026
0.28947806051458647
0.2633051567528209
0.2296030003578776
0.2523399923362342
0.22028778286751186
0.19294177515327657
0.2253822447464862
0.23904418677906714
0.20783159091751224
0.19013944229595794
0.2294836028016398
0.1881005069394377
0.18619504065179568
0.176408307374455
0.14605754219706144
0.110240908591886
0.1450209688740739
0.1857209040741181
0.12710774456699367
0.09856615991700966
0.14642253421558235
0.13529082169202447
0.20787658654735655
0.2514167643218885
0.21543523656187805
0.19846123580543326
0.17790429583271497
0.16099773174958457
0.21634785572616955
0.19939753465658763
0.19665384941983854
0.2211816449207115
0.25450219447034916
0.26037481797884204
0.21797119164191336
0.234133661772749
0.23680006390696015
0.2231687407645764
0.250436677139885
0.24243928594957284
0.275687739691047
0.3279218456112204
0.2805836655694314
0.34442480249707313
0.37550991739473916
0.3801129938191114
0.3112633520743463
0.3631377528544147
0.3961951845311538
0.38799005219568133
0.3251110828469423
0.3793045652146654
0.39112674721453117
0.344380453674892
0.3420064932234879
0.3682739619220709
0.3918123339376876
0.39861228585777514
0.35037598929377456
0.31587601736321963
0.2583558897583322
0.29491062187523037
0.35190477105784573
0.30131582504089666
0.35419110867172177
0.29450227043787
0.2270537326961487
0.30493471276105605
0.2565424728829477
0.2937096958262139
0.3076562354608304
0.2461434724128817
0.3312377104402196
0.3091261815555159
0.30690971904659275
0.3027814909616166
0.27945668425406806
0.3134070718928946
0.29353064498096454
0.36139315369575975
0.2932931197098731
0.31402678378291243
0.24373097859536896
0.2664463513044678
0.23768702609665335
0.20288354029342703
0.21433925123958805
0.26106087839622655
0.28457115961299756
0.2604088004138
0.25695337272410496
0.2501423335644842
0.20734675881882683
0.21209489249963784
0.2831755448129812
0.24840441883695785
0.26854550717396647
0.24020942602423456
0.17512785686079002
0.21702090032859467
0.2166371856428854
0.23259408043987936
0.22799064070818634
0.19626662153644037
0.15161878381168048
0.17546110881423305
0.19881030958826426
0.20276243244506276
0.20139894544827422
0.21894799948564406
0.185402623687723
0.21858388280261287
0.20743013287528342
0.15642182691291814
0.1938996709543024
0.22010604763238215
0.2564064925437256
0.25224964777387826
0.23570933268385919
0.19175724982896084
0.243611120782666
0.22556108480136808
0.21383385640245878
0.22529440255940317
0.3262693511515365
0.2929877799517314
0.29360970477748244
0.24712670001347117
0.30569468573520475
0.25732917474495215
0.20696810426436918
0.2200814019364974
0.24793133757013694
0.2503081890864243
0.2844885403912944
0.29926949202225667
0.302141507154694
0.3031343645244586
0.2929770277564077
0.28437983303737746
0.30341152881452443
0.2734202979731
0.2875417031411947
0.31393131454145407
0.2526315197179326
0.3153106544572933
0.3002067402760001
0.2811375649616487
0.28571533881409944
0.24344395812799488
0.2578427898749918
0.2919331022737096
0.33699601780753125
0.2920168609795461
0.3211193273252738
0.3159076228582316
0.32785233361261906
0.2774613032799241
0.32958410388725945
0.3378774040720933
0.31124883943699927
0.32435431011118515
0.3153904626568859
0.22962796803354205
0.2587289993797143
0.28368403029540845
0.3071690055983339
0.3436265774286393
0.31631522770873083
0.4018560038637086
0.326590772686541
0.3458756143987834
0.35896691830324423
0.30281855596324875
0.32847131306840177
0.3030987498541553
0.26259646995779745
0.2875312955937535
0.333779503856729
0.3076334212021205
0.38984057115014054
0.3794393407325119
0.3889617534296539
0.3607095115251218
0.27441128128071796
0.34513191450930386
0.3129967765598897
0.3428530155646005
0.33555330525598137
0.3083208536185837
0.31949954166553624
0.36175114618421084
0.3539640806794375
0.34883122688062773
0.33626717487424607
0.32136768885103245
0.30194075011637117
0.28203415335899856
0.34907353919855955
0.35296500123259467
0.3610144619114402
0.40089558584702073
0.3819152768225435
0.32302347955305427
0.34704837496784746
0.39744281572156903
0.3844355770601611
0.3554011688502811
0.3314782644446416
0.3519748994110929
0.3385282264804232
0.3136381033734894
0.3205165702030067
0.36508261844403544
0.3474986546550303
0.33334853451434704
0.3436613532818278
0.3330572113793515
0.2829174939384787
0.3124058991468312
0.26665808249823053
0.22142911730071546
0.21654939143890872
0.23031119304637535
0.20754049121012944
0.17718248500003408
0.19259792872072912
0.23325345552611523
0.18914191751783638
0.18089991852275933
0.2003532128158493
0.15482894823951385
0.15262670698666533
0.19451108606865167
0.18323775470232762
0.2549910452612209
0.2772538824730152
0.30832251332148813
0.32018604561754443
0.2622168170006424
0.26129917128453023
0.28997532060113257
0.32058622098145895
0.312460248265413
0.24889943702814898
0.3278409737538181
0.329327364688354
0.2975734895361702
0.28358853478506124
0.2373697740645162
0.2456173961171739
0.23388570188201585
0.20888688679488576
0.18428215599943243
0.2190282299134838
0.17716596112958397
0.2130498703171294
0.2103056589595421
0.23353713706480872
0.14659414696360526
0.19761194212786506
0.2226025296314675
0.18092151347878882
0.1786100833194153
0.1682780397347645
0.19295686203042073
0.2023771614058362
0.20065204955800856
0.1988562889197065
0.25866922498351846
0.2681831440193803
0.24911069596595548
0.28732220021685784
0.2755935923035386
0.2301954006934194
0.20215532551553514
0.2397951611411293
0.20030964297895607
0.19683346351222894
0.14652407239711848
0.17356974001456157
0.14415221332297665
0.1664339717370731
0.10316220923818137
0.1261472396797122
0.11118384496086554
0.12629269700165877
0.09154374417806281
0.15283106686189316
0.155567954386701
0.1437183229777242
0.17561748331978386
0.21268572045497425
0.19557852686569685
0.1783220135612368
0.19564781465444958
0.22166895884415216
0.23674224498671448
0.2203105463428107
0.1776417385219169
0.1674935793292036
0.1811093664705904
0.17696347096841422
0.19176024485950038
0.22508436733739903
0.2247687401272763
0.15882757107519055
0.1709614457553268
0.12105099592374668
0.16842740477341048
0.20365192704038618
0.2115427332898615
0.18289775119248197
0.1861522743989976
0.27294533788677106
0.25581452483750483
0.23826939058072105
0.2386983422365788
0.24117279040671577
0.23155633666001119
0.2545524627694914
0.2110450536102405
0.23518072672221213
0.22264001921952356
0.2063807747226656
0.1743510083008405
0.16454819038827792
0.15147501626099383
0.1526112744602718
0.15819628533543695
0.1415418604768715
0.08238719875748193
0.06218737145597664
0.045832718626121344
0.08466584924985149
0.09553101681647884
0.0981862277993718
0.1316690680989728
0.12381922331343946
0.10632559395181214
0.12265515582049029
0.08971836066708445
0.0786778572885725
0.12703111408521908
0.08497962015782541
0.0997498558995152
0.12077058734680406
0.11102763343742737
0.05473420788502767
0.09847409561650916
0.11561389703948244
0.1029683309105243
0.14652792398258901
0.1372177340442096
0.14622962679844567
0.18860252009704073
0.16308558843752594
0.18815397720885696
0.2009785354743224
0.1773004316799327
0.17522388465786365
0.19945003926677482
0.19329944185759382
0.14289945477377627
0.18264526357243485
0.199240373717523
0.1528628807915367
0.13153555201121672
0.1633440427481329
0.1551618519718644
0.16616149302554828
0.1914693750751787
0.24199874977143687
0.1972982439898632
0.23201546102581336
0.18730231266062666
0.18113991610564287
0.21625237652351956
0.18395174305545714
0.2164852091872497
0.25187379240512725
0.2359251602580397
0.2752778754138376
0.2848206215630546
0.23611454021063527
0.2071694999655914
0.2737695905876828
0.2472844692093862
0.20387685822969434
0.22454537693178825
0.21073885340059448
0.16836539099949502
0.1910451963837498
0.18734950461590763
0.12717698350254591
0.18316673535177283
0.1644120795243429
0.2298961092371505
0.24478338189842383
0.17719314673804307
0.21530810372995382
0.22810358574318837
0.23015978427863457
0.23860319615614775
0.2013626386180611
0.1602370328424776
0.2344632327898489
0.2503441740501169
0.23129817476193962
0.2985963917441763
0.2839806749361338
0.3016906981475314
0.3344273433302489
0.27500790639950023
0.2713552336188958
0.22584615235998773
0.26866010464982343
0.3230755447045963
0.27920039959892673
0.2841352273244769
0.3081477658453931
0.3274487809094285
0.2925532121797771
0.3359072630626227
0.37259720573807703
0.3942140010920117
0.3727709470415375
0.3103825786030941
0.28839021092403777
0.2665809393139842
0.3205708779941319
0.30816555029508125
0.2887773122334139
0.2936630497430432
0.25644922938140274
0.249599573120634
0.2333176924604926
0.1974712007255609
0.2441030020823124
0.27374204344035274
0.26924370333187375
0.2966395243734763
0.281202489942416
0.27444802710135974
0.30912312721403185
0.2580859983061736
0.2930696545255131
0.2831456455973768
0.26943805772400176
0.2823307689244359
0.29530304987776385
0.2757701410499055
0.23097635723604173
0.28062098387309004
0.2993134819166166
0.28024374486751047
0.3351692643134622
0.32448119808946063
0.3222388472977396
0.3620688239300669
0.3180309481684407
0.29768095204888945
0.289897896202851
0.31712744596007425
0.32741761285067966
0.3107048521652655
0.3442441969867458
0.2773975176642672
0.3011057804128751
0.30999513235406256
0.23012290781466924
0.26714627062820356
0.21929854473532986
0.2657935379659019
0.22744068386513883
0.2896936843622188
0.17696416873537454
0.15372374634904146
0.1932461174143519
0.15860659181323047
0.11907317831154522
0.12829123650823984
0.16576440387455352
0.1533350115202777
0.21098283803316706
0.1443143452373207
0.179528206562484
0.18520011904789804
0.16408428263076633
0.12611809816595013
0.1527878433836763
0.17919016405846852
0.18765374771172164
0.16880497770091507
0.15880320687217828
0.16650510686096673
0.147641029586542
0.14415580317429685
0.18418052976782376
0.1236063239052954
0.13135938616634577
0.17761769922524873
0.1596812907774274
0.14883865197951487
0.12235212090665233
0.17996116018822694
0.1726034512620329
0.12211242512691384
0.19067073930953019
0.20860866249904994
0.22066822149942353
0.19823912233152943
0.2573449647105593
0.18487188245699382
0.18063121237624755
0.185117989421365
0.1871057622380301
0.21773045321844542
0.2820920850973963
0.22070122428751557
0.19759208584545984
0.24035219188213106
0.18644226971674935
0.15151663891860298
0.1793270220690664
0.18157028591789834
0.17963379511655622
0.109280663696688
0.1279556226960483
0.15282923208800686
0.11272517380157203
0.10267845257391024
0.09778772973244021
0.11381168643439175
0.12886872447754008
0.04609419398647452
0.01050451680050367
0.045575593211093675
0.02364055410227311
0.016282950417845717
0.07008581203958976
0.05450158402163433
0.07749111854521563
0.031608829738819524
0.01998708758881818
0.02290247432921424
0.03883313972436246
0.08954194068459888
0.10158616973489104
0.14044468857331718
0.11726924974175562
0.14688349364027337
0.14546351106578384
0.13009476091876795
0.0856058905778831
0.09802213290030376
0.08892562930309018
0.10242516721711449
0.0698024768924682
0.07773884897085277
0.05959767810414975
0.1005261756931633
0.08270242528988925
0.09077204408405105
0.11846745853596208
0.19836494271264404
0.13307369574167344
0.0911580979042363
0.060932011139300836
0.06161176376752459
0.059628747300391666
0.07501235970179629
0.12843853080365106
0.06757761365210696
0.06761697272824727
0.10442261818848819
0.1489916141818656
0.10051763241171917
0.06619575698781886
0.12574056112840618
0.12401633941871897
0.11762905982404304
0.14280351143105574
0.13547261517014128
0.20850569318777798
0.21428551799023118
0.18587949729834208
0.1450874550448426
0.18064800830701097
0.2107145042961932
0.1923417795347011
0.2114945853920388
0.1751457720682523
0.14856261615921298
0.15953322956173446
0.21238631699650687
0.18422182613784896
0.10113477544481647
0.09749987725504022
0.12651185955947272
0.05538786404066304
0.10034485415958062
0.03359730911251034
0.02486259673762829
0.057297405180861016
0.12594030935892211
0.09949153088100636
0.10360691533829137
0.12732725130790853
0.11970237876758875
0.13236835273570355
0.08890545667899409
0.08832993939257118
0.09848270260506346
0.0985088498048934
0.07932856749479429
0.08296143498978323
0.07427732651143841
0.14047633461674078
0.11021977021212968
0.1492693075626387
0.128949001988345
0.12842033265548622
0.1509116350817792
0.157850625827304
0.17121467944352517
0.20940127199929906
0.17535287210447645
0.13881153774440172
0.22683947539323704
0.23350380749724844
0.25263276554581837
0.28810838844781017
0.24813665542513044
0.2555278542530098
0.2675133324687672
0.28823031003326643
0.2513122316598022
0.25729564601405336
0.24073082342176552
0.24354296727324917
0.2721332019082961
0.26663451132645216
0.2653075526081613
0.2592882572709302
0.2427279443337531
0.21415631678387112
0.2066234541874702
0.20168566026452295
0.20235405228808812
0.158780121773016
0.15726015175750716
0.1282093040837343
0.14513491614670537
0.08681899883830428
0.1281260293349214
0.11003603365261877
0.15520286243753031
0.1429365370369716
0.1778666074256632
0.17104456004603855
0.10979468073587129
0.10953187646805874
0.08969836945104696
0.12119767424793206
0.1037632197558307
0.08383706692769166
0.1665688738996525
0.10150417075948197
0.050955464535045236
0.08859972348545721
0.08234924524088895
0.05605306801258725
0.07808852757602026
0.04509779257243401
0.08125999137880195
0.06561658027591398
0.05538875853497929
0.10918816506884449
0.10483310814237506
0.12281726342413136
0.09456291770737872
0.17155253100843706
0.2024397062100879
0.20716310486337622
0.198018307722049
0.2066023464353209
0.18020373152199284
0.1511778199641701
0.15078709441538962
0.18508646044550756
0.1931804834832064
0.159614970608651
0.1095649007503663
0.151426387762292
0.12267035058523945
0.08144710014939856
0.06660467516752201
0.1520792488459526
0.1319225063577809
0.16073981567957332
0.12762971172567508
0.1861927273494699
0.22591523152815227
0.21102375407270021
0.23716030314827186
0.1980095037513974
0.1961051746951528
0.1854949288377923
0.2059980181077299
0.20482705602396764
0.20241659253206143
0.20306745099992587
0.15380660870450047
0.1445141633026347
0.13661964267658314
0.13011625463626394
0.09186129152726726
0.12067952089915172
0.1475305226631434
0.15753469335387457
0.12672738356747806
0.15149020004670355
0.12386811653034263
0.23562587549320843
0.18817798042224296
0.16562774733534763
0.15988073664225486
0.16545443940251825
0.21326336075804908
0.19648828773391955
0.22691215573406623
0.21463462793748286
0.20304201163090788
0.21147820990757835
0.20667619898587178
0.1716663267219123
0.14812568227357056
0.13204534850092425
0.13129961784461572
0.18008305174523867
0.1495709012408101
0.18631177191736045
0.09736221136769574
0.13535278657099845
0.15355623077201375
0.10701783924575757
0.09704317443554365
0.11019696561464476
0.06343158801681381
0.061157219239531845
0.042100156105902675
0.01804334897757461
0.06867952767138107
0.062125590070465926
0.12236391711175411
0.1499276263300742
0.15878183089794284
0.11181383247752319
0.1383861494341446
0.20888918240159135
0.15844956835117271
0.19957681086566714
0.24758455637292195
0.1909366271674697
0.2167734103300478
0.23082738877570555
0.25276053931148806
0.16305475204420886
0.16562074697741405
0.15251627679175125
0.17648349182041032
0.21513268238997785
0.18839447056906597
0.2363195608162443
0.1971931055328321
0.20198458727792665
0.2574705281608924
0.2959315001096305
0.3309506338632035
0.3189482180503451
0.3340141050503273
0.3009055066939963
0.3541797303433818
0.3348898078425375
0.3456816820070927
0.34919928429977704
0.3562757359530013
0.29005133242126196
0.2565980424285045
0.20440179001927458
0.19275278973927626
0.22516489316986435
0.24429731795048815
0.22368240314913956
0.195884240015936
0.2671328697354058
0.24052311608219556
0.21888042420047757
0.20785834697219877
0.21773628560740863
0.2940337744418265
0.27438913532990766
0.25408725232855045
0.19041496658008242
0.24232687863290855
0.25023169525231437
0.22346371457255118
0.23601440129357432
0.2257517082370525
0.21759292210744605
0.22823577644714999
0.19147300687457278
0.19827675506790812
0.1420974302872233
0.15381581453065427
0.13996628004725073
0.16352108120579928
0.05900125983762278
0.05066996496351512
0.03520146020764016
0.0399653587068474
0.03252258923940099
0.06773330238648675
0.03273090008717908
0.04334760285250028
0.1376700474186701
0.13964954403283403
0.1499479699611817
0.15189085032678504
0.09135234366441553
0.04235986131519509
0.07356104779992519
0.0942209295475477
0.08420777357807468
0.12737485276448127
0.09606749841623784
0.12909388940782907
0.14316151666085003
0.10966589888732614
0.11825169360232263
0.10312077661105722
0.1432957117071559
0.12221378797129073
0.10357487162833762
0.18835006837378152
0.11562736577621324
0.1483289743453359
0.10055675042093155
0.08924840583911563
0.1220073533389018
0.11146097836421441
0.14474993188096205
0.14771741990910706
0.13094370756830895
0.18355005233448926
0.1430160692343476
0.1771769675761082
0.1518797193639633
0.11666167199189863
0.1544873864529159
0.16931891199197147
0.13241051540238055
0.10170894718748417
0.162634012350444
0.15723509457922438
0.1293125091665037
0.16388412052331697
0.1001487817413264
0.13212166650613785
0.1383230099714891
0.1430302916378279
0.14539940826712186
0.1359877371956538
0.14737664502238387
0.15706742672036564
0.17565357940266643
0.1471830681308667
0.14729245019939377
0.17924836923241474
0.20692448575284048
0.23996137977588375
0.20627412138827475
0.2199957127331573
0.23702920411650807
0.19233518828324567
0.18584390918449886
0.22909343245470537
0.18003422107259906
0.20284891652963064
0.2741414768565699
0.27249520185765913
0.23767304246280826
0.3817200984146875
0.3182073773741512
0.2884122173480781
0.3117543068843641
0.2450892907070392
0.2957485101849974
0.25926848544057934
0.2623614390960595
0.2637686147937479
0.29960920575977573
0.2683119191345889
0.2943413808183312
0.3483660281581582
0.274875419723625
0.2987095730082547
0.27824409576456527
0.2827387687080084
0.2841170342787133
0.2655800200359035
0.2707541508003492
0.2198369716584546
0.24638273292919544
0.2162339023107339
0.23783407661791933
0.32113519267565116
0.2687873008581528
0.23494946305268039
0.2744969866792058
0.2537784606706445
0.31104466146181303
0.2546826605753773
0.33087599040980603
0.3246547223017253
0.2893801879460501
0.28721859424774693
0.33318593922328305
0.3108200339588885
0.2899271265575629
0.36443787973832226
0.3630723709588127
0.3359356658011818
0.30642901408334494
0.30945443177844284
0.2826887890935363
0.2791455196403449
0.30209276522483053
0.29454003257315226
0.26346637808823786
0.2571270634681855
0.21405603261760794
0.307928361391687
0.2551721322770259
0.24592836444806007
0.2559910729098707
0.29073218773468285
0.28590834482078326
0.31464302741581235
0.3036557149982048
0.3606466640958954
0.2824682801607352
0.3199530345467338
0.2932305700355328
0.30484430634467047
0.31044238966645854
0.3834151041133524
0.363170362602383
0.38947631999177795
0.4142485864577252
0.38155471698372767
0.37628287414136447
0.37890344245781277
0.38793331942271303
0.36716531655892864
0.3691201002185102
0.38105602035543545
0.35052157562184655
0.35757646300246426
0.35125423181795706
0.3253107190918129
0.2775188701423943
0.29323148647238356
0.3112498374212573
0.3169986045199578
0.3060613853576205
0.28328828847897347
0.19599036434534678
0.23329686008345416
0.23916895590003662
0.2959890918383907
0.30422535482465446
0.28941942146705374
0.2827969855191598
0.23218819878342836
0.2730484147673416
0.27651864614267607
0.24534929350294687
0.22461335533559093
0.24088867789406596
0.20172136913016914
0.2547987045791172
0.32647596142859875
0.31169806217970836
0.22586800304258772
0.25708929724199536
0.25040977170866235
0.28684489057567003
0.2553110101054466
0.26096360581454997
0.2391354901845558
0.22411372124142015
0.24855430973683712
0.17760891432338044
0.17038317287695878
0.20180560520215873
0.19931713569875295
0.21096064445174587
0.206058154351396
0.1938794632606984
0.22736716919507258
0.27968434553618676
0.17683341541286812
0.28276371543785567
0.2131414962150138
0.19930061920729888
0.16719541230704912
0.18610789080303522
0.21129799376027503
0.20408779458373852
0.20527932522462608
0.1532796722706846
0.14240530743552085
0.18431213445016412
0.15762562857650983
0.12971326993061263
0.10775650302649085
0.11751040818563481
0.0744882430392718
0.09465931082171297
0.13661042066050258
0.17082975136344092
0.16970974396219493
0.18008290006610636
0.14574588975874295
0.20286095713606997
0.17773048115482196
0.1846589022424333
0.2373410758544541
0.1929299126309126
0.17598323267172775
0.15420582855469817
0.14783041423251597
0.14637643609473908
0.14664939081766357
0.16627274294748487
0.16124956195150061
0.16439031271017981
0.1624887247539554
0.16302728717269788
0.14533155777231524
0.13967045948707346
0.14114161730657118
0.1231445979456518
0.13027047310463377
0.1886613868965842
0.1954676636301368
0.1736258312837553
0.13052628155050047
0.2068882981264846
0.1819504347040172
0.14704320274541122
0.21807775280759753
0.18761595413404072
0.24820645340103356
0.23031987090834813
0.3030399760506101
0.26551947279093285
0.286068514804933
0.22981128849965157
0.21369311609703037
0.2423096458804234
0.2719717142938313
0.2967335943397528
0.2602912728381277
0.27400722882397294
0.26083759401144535
0.28095699695943493
0.3389300117554535
0.3378209728001053
0.3368815978915556
0.34147249553070497
0.3381808230701369
0.36225500072975775
0.3433757148557626
0.35618134479811037
0.36510283955035855
0.3593150762009853
0.3731495834100949
0.3766088042044779
0.3800859537513815
0.3918358132752589
0.3679072502676061
0.33627386722715974
0.34470526947059765
0.3890894508499509
0.34460609574759316
0.32712209720815394
0.2983133148421816
0.32226862766297376
0.3385129398353162
0.32855486389309013
0.32651750093958104
0.3542816329631681
0.3187563118192323
0.2890804358162408
0.3165604110912725
0.3036995784843671
0.29041767247903466
0.2588544673509758
0.24570671576984615
0.2497012322235083
0.2851100198508922
0.23386106626711045
0.2412845731044334
0.19480286055186957
0.22541826294297443
0.25438386120357226
0.20784827458714503
0.26983322590541065
0.2605699240650938
0.27555335928655317
0.29075850750763893
0.26978767446539226
0.19844245971223917
0.21810075256752967
0.2654521703214971
0.3086320614909745
0.2699874142926776
0.2796344340284144
0.2473998656493123
0.23417316193487317
0.22793551898656894
0.17039733862958206
0.19147745034458738
0.2259124246771708
0.2518684359614203
0.2321206621628584
0.26334085494976084
0.22547848993113148
0.23697021738041382
0.23748454434540356
0.2733254925990121
0.2660868910929164
0.2928956324790272
0.26619503422618257
0.2806394932829053
0.23215731655797933
0.1787923030751889
0.18847592395465215
0.16116770748672085
0.19724300425453964
0.1607242839130754
0.16590281132844073
0.2157004621775588
0.16567564484017777
0.15551310110904767
0.09692062762491645
0.20456628058759085
0.1965548612859044
0.18621107960149066
0.21992340656036422
0.22694745762116045
0.1976715360578464
0.2879798934757101
0.2645489420240999
0.2702108308701786
0.2969203301317545
0.336110064806361
0.3460602558030019
0.3586476627046247
0.29073950614935035
0.28315557821504034
0.2980885199213242
0.31115982176642826
0.3072039996276334
0.2872785341449097
0.2746856540070824
0.24342036806446646
0.19204387129850173
0.2851949323513671
0.2617246180007767
0.3035220725285939
0.22925436461178808
0.27886698863352194
0.24813215356842003
0.21289240279658742
0.23541837119925155
0.2839256748849467
0.27350335331829084
0.2539907267502457
0.25827273615096163
0.25506220876672386
0.25829890456419086
0.2188561760911573
0.2339765461372786
0.23787227118502133
0.24778518449459008
0.2937046241015571
0.3083355552262785
0.2821711754188583
0.22237721170065608
0.2503714918348457
0.27424403130051284
0.27060468338970484
0.2746891208455049
0.3533381044953738
0.33637909714874276
0.30967624356762247
0.3369790432098673
0.3194837761697946
0.30522260870880324
0.28836779552669484
0.30352323539954346
0.3432527898153755
0.3394649105744321
0.34357516876346134
0.34168479644707334
0.3168494658070505
0.3262378729014178
0.3251842255655237
0.39573167411204757
0.3418679995490826
0.34603860304071216
0.33336686866979176
0.31149099563323884
0.3376010075884235
0.37426302818937107
0.39617657072882745
0.3614764540437582
0.31966645112225534
0.39377553547743527
0.42153393219505847
0.3813288941969473
0.4166658453509318
0.33612491634220265
0.3770553846399028
0.3937766957313415
0.3900192045833781
0.38326699714153273
0.3850948824111177
0.38156670092321915
0.40579225968443566
0.36731771433233923
0.3692046071026729
0.37063668776430553
0.40550961479940245
0.45289078892248114
0.38020618650209176
0.39432879708959373
0.39779355065690875
0.36962042693782854
0.3931461744781408
0.3759469653029368
0.36224588233791377
0.3705906473300193
0.3350065745786643
0.36782873090511975
0.36822192884444327
0.3931539261421344
0.36176540602756385
0.33868791576874036
0.37806463550295394
0.36002441228340754
0.35149434698821574
0.3693853094232619
0.3837470980050788
0.33818066318318424
0.35937932118715543
0.35772003005304187
0.3372479060662577
0.3658356279409966
0.33862488406096247
0.32267977058525765
0.34848375942708065
0.3546353831873054
0.2887096784942846
0.2965537052560131
0.231536015382791
0.28854305659802165
0.2743162380313236
0.271887852242114
0.19503265562418534
0.1531013702887242
0.1884230129726523
0.2082358698351315
0.20370953687649718
0.1761170079355022
0.1831214481705784
0.14993031584191516
0.13425704740344524
0.10123291835388065
0.11478280646809068
0.13791925593327972
0.12466697463716875
0.19460714466497045
0.181915691718373
0.20278668615556208
0.18761288935539647
0.2316231260911857
0.23801893356377582
0.2532376760451906
0.2638984768831299
0.1943741142527885
0.18630738793563406
0.2190990647371679
0.2679041182615756
0.2580228961048185
0.30890960274719254
0.24830781307362518
0.2354455918589884
0.2662379456867016
0.26309140362843764
0.26144342383955027
0.24209672921006983
0.2581889327738617
0.22331698858370005
0.25129794170845493
0.23093119385289296
0.21049389434364363
0.2307175867117679
0.20938930372428533
0.2554011557015145
0.2375055273237603
0.3099577416423668
0.26206703153556943
0.29617053574903046
0.2400320291193421
0.2739286851284908
0.31813351024750985
0.2906030165272798
0.26950659090940654
0.3142622712093672
0.2511659367071077
0.3115973947622677
0.24679275275125798
0.23795786398686802
0.21083134068764486
0.2472632768960239
0.24467863139731405
0.2534460103143851
0.23827113945900055
0.23494826439537506
0.21308891387380105
0.23651128240453276
0.2656460595349703
0.20186644385683242
0.21371803839126136
0.2552082467843216
0.25590319788467164
0.21061449658804607
0.24946186814622495
0.2054765038318971
0.2305013117532502
0.2315758658493171
0.20334447323678084
0.25334853416608366
0.22845830031239514
0.19766893001134198
0.15141914822593558
0.21069371027912345
0.18296165992382943
0.2542762748488176
0.19323154929595363
0.16291973626121217
0.23688856670404715
0.1965923734268281
0.12870403504788894
0.2091343588644452
0.17995957221667033
0.18493959134244242
0.13110171500145504
0.16794754833809591
0.11449212938721033
0.20722229955640306
0.2190566014482441
0.20017396727306136
0.1761092058745567
0.18091441889013624
0.20193864611676704
0.24322574329304356
0.2844755778814671
0.2193781965121546
0.26066475267563916
0.2523546395351556
0.23344007912653078
0.20303987171163293
0.20745936586199218
0.24118744490258262
0.2761050659346358
0.3039698566545183
0.3068904203187696
0.28322084025792654
0.25457600045697387
0.17306787938050772
0.19784957144077928
0.2175543607935777
0.1961001295279282
0.16731960828371992
0.17558429565530553
0.2286464629398184
0.22196604427006986
0.17255810044936756
0.13504573380859178
0.16912612742998892
0.23974557489129353
0.1951988660441589
0.19159381544092124
0.22811919656468405
0.13730641366254132
0.14820759803013878
0.14138084624393019
0.119039049204829
0.10861699496613192
0.14761620092239244
0.10237164786187374
0.13293740152710726
0.1525681837089378
0.21417652694518308
0.18815977199268263
0.24156873903422793
0.21995546600083504
0.1735833251474079
0.16414158614255667
0.15376369677314058
0.182458855068543
0.23945487854368963
0.2333921264029654
0.2858012667155935
0.23588860885502164
0.1701611433769673
0.20967263661479532
0.25261511704968764
0.2256691217841528
0.1724010199891122
0.22696791962747398
0.18868779769394642
0.2106916359594414
0.1685752028775279
0.1343356724032351
0.14267951130172282
0.24408818686120973
0.24616595017954576
0.20634770356426094
0.14657030262643225
0.16555764228188663
0.22943545314738378
0.24129524430443883
0.28678878940866886
0.34371778315664026
0.3382972255850029
0.3506471394009145
0.31419255399515444
0.3798383170331479
0.32349140942758076
0.2881801636141611
0.3128728588133454
0.3258475479463816
0.35675648520711917
0.3124009070897145
0.26561948906039473
0.2719003790756821
0.28757837617037596
0.2963900472993652
0.29352146501676185
0.31757097857026584
0.30111096039874696
0.3494832414682361
0.3400220969879244
0.3391622564181274
0.4062740676068372
0.31438540941818743
0.3657019372213808
0.37214748238244394
0.3187240500208236
0.31704972733013986
0.354332483327855
0.3528411035086989
0.3424135733032629
0.36829346579286737
0.34184282563033364
0.28797283026810366
0.3057935828140749
0.3313628288551785
0.3318771298072193
0.3340634370566506
0.3340546896252266
0.2846979602779654
0.3457199327329566
0.2654939722515996
0.2804403772951501
0.2750625802459481
0.23830889825638926
0.2784420582045984
0.290740779293462
0.2579647613134833
0.302960164272516
0.1943206697465677
0.14126379847174203
0.15553254118897766
0.20938033733655845
0.16799381150447845
0.21122971529285414
0.12754223230924427
0.15944680044933585
0.23374887917534862
0.14698428890822687
0.1866915431061175
0.22853864368984775
0.18404877691392627
0.2393299823021766
0.2711234366784267
0.2741644506490221
0.2893591658771557
0.22906393067690559
0.24105734487295918
0.20266325901501994
0.23516933360096226
0.22684311867631476
0.21840864472302313
0.2726430392134715
0.26283024736258015
0.18063011413550423
0.225028764663893
0.2665877499304285
0.2542029040407762
0.287140377086215
0.28957160229669543
0.2691908475775023
0.27372584328633226
0.3905180926818341
0.34185129643286066
0.37811300612972093
0.39573172088994474
0.38446683421615546
0.38318022872030627
0.38933043722450694
0.37027516356151735
0.38738070316364787
0.37992957921697684
0.40537536760527587
0.39216521945709065
0.3675076838182511
0.36648928433472316
0.41914963063748484
0.4279500422338451
0.3813412003316168
0.3464607034391561
0.35324543276408327
0.35157387580017785
0.2981184167203084
0.3590472627816546
0.3455894234504255
0.34056517899047306
0.395890367170022
0.3318672077585579
0.28651167376698233
0.34457290000844193
0.3082109979843303
0.2595739502353215
0.24404082492593415
0.22773982789907934
0.1855618654922002
0.21694678198823017
0.23387366640298382
0.24488400377898553
0.22723062285521645
0.1863109605687513
0.13677634909874933
0.22609641026011598
0.23853384045155354
0.21158883122616393
0.23023348984676265
0.21290355028406097
0.21199782120825758
0.2794156778199289
0.24255123272952128
0.2849386124906491
0.3039957572898072
0.30623267815322114
0.33045106622947795
0.2710813367629276
0.355737349346322
0.340077996147006
0.32939363853654163
0.32951646847041566
0.3477443436159436
0.38301535301089246
0.3904618886057105
0.3577973979781881
0.3880452769848935
0.36911760987861314
0.3789742183934477
0.3878577972626807
0.4014507363903399
0.3166732922587641
0.33332959628076814
0.32394623160269687
0.3193155667382002
0.37897571177801054
0.37072822861050686
0.3252904115805943
0.3332166811793417
0.3699176016901045
0.3322455646599886
0.3447364078224475
0.3288946234524967
0.3051871251773352
0.33979268550930114
0.3446823588004044
0.3131114976121294
0.3237256697211847
0.36997385534585425
0.3614863167840428
0.346757785306866
0.3811407993209208
0.3846393151929663
0.33115573873978016
0.3785041533212463
0.36557550365117103
0.3035317536412951
0.30818846119418575
0.36793241332837084
0.359141642220308
0.3215178022903414
0.2685488829407861
0.29676416052350574
0.3044417835283439
0.33578664425558485
0.35390899097946965
0.3474987569566402
0.34337181903531855
0.34404540831274016
0.3163228884020386
0.3038785020372044
0.30552336498736965
0.28499971419949416
0.3383349041970105
0.36146191059687444
0.3382357450490141
0.3367430031741698
0.3669663809743606
0.3547861116570688
0.36752449455667957
0.34881096699044023
0.37630625589200006
0.3561789162241762
0.37953916040113045
0.40414662282428365
0.36015679735289724
0.3865451044284063
0.3200155081543727
0.36128979811722517
0.2923928819915535
0.28971174628902935
0.30023201477425304
0.24923850659123833
0.2829717468478796
0.28180574123701896
0.2782105781802559
0.28339708684094417
0.34539580097732925
0.31211650807522523
0.23237116010485262
0.27066940825025426
0.273406102724295
0.3297267106865626
0.27033339471272644
0.2913706870087664
0.25719765821197127
0.306644409523563
0.31136786935189237
0.317654711914818
0.24590798015084583
0.26933316528041507
0.2379458434579307
0.27491241524480453
0.2891717186148425
0.3120496237616801
0.32471353740666176
0.283676284633877
0.3465585450210409
0.28912524639037757
0.263381879126751
0.2930887984514826
0.18985900448715387
0.21947610922556735
0.22195377850086476
0.22319642067632028
0.22211957044000727
0.20648185319937504
0.2101978086424643
0.20701483355807762
0.20076940832737702
0.2306520165725369
0.21256841108806332
0.19615195801523252
0.2526585287804965
0.20414915295659722
0.23152963688168018
0.22029388197836422
0.23453308576291665
0.271388536426768
0.29186983931455796
0.24345162422346314
0.28494330071626467
0.2958505544376276
0.2707481322371504
0.24333511388843446
0.29555823407415743
0.2611034486805233
0.22040403278683005
0.1899213779557577
0.19991356671038885
0.20240184633190447
0.18592024331340892
0.23190994990862912
0.20921743988040176
0.26621559725332083
0.24193190674710566
0.28222927736293324
0.25039141468122683
0.20725831688040527
0.15651896930947104
0.14512219422910963
0.19443932061375244
0.22464043696739244
0.20605120934440702
0.1999491441990411
0.24614008762027825
0.23720163054050816
0.2613009119896805
0.2777140979676791
0.18180606459860757
0.18939148284033022
0.17243225549175797
0.15957119258550403
0.11666435326519957
0.15290807621292563
0.180642234144798
0.1986988674401877
0.1886197188178044
0.20441544308115303
0.21656981985757562
0.22004379785123218
0.20649167419845318
