0,000000
1 1.00000000000000000000 0.00000000000000000000 0.00000000000000000000 0.00000000000000000000
0,100000
1 0.28571428571428560000 0.00000000000000000000 0.00000000000000055511 0.00000000000000000000
0,200000
1 -0.83673469387755130000 0.00000000000000000000 -9.18367346938775600000 0.00000000000000000000
0,300000
1 -0.63265306122448960000 0.00000000000000000000 -4.59183673469387500000 0.00000000000000000000
0,400000
1 0.54081632653061300000 0.00000000000000000000 6.88775510204082050000 0.00000000000000000000
0,500000
1 0.84329446064139930000 0.00000000000000000000 7.37973760932944400000 0.00000000000000000000
0,600000
1 -0.16435860058309149000 0.00000000000000000000 -3.52587463556852200000 0.00000000000000000000
0,700000
1 -0.88684402332361570000 0.00000000000000000000 -8.65069241982507400000 0.00000000000000000000
0,800000
1 -0.21882809246147317000 0.00000000000000000000 -0.27234745939190840000 0.00000000000000000000
0,900000
1 0.76569007705122980000 0.00000000000000000000 8.26267050187422700000 0.00000000000000000000
1,000000
1 0.53832712932111510000 0.00000000000000000000 3.78577610891294160000 0.00000000000000000000
1,100000
1 -0.51215709042363480000 0.00000000000000000000 -6.38923583737432300000 0.00000000000000000000
1,200000
1 -0.73971352617213020000 0.00000000000000000000 -6.39020327746622650000 0.00000000000000000000
1,300000
1 0.18075226514622100000 0.00000000000000000000 3.46454677784927870000 0.00000000000000000000
1,400000
1 0.79350700942926670000 0.00000000000000000000 7.66610267800698300000 0.00000000000000000000
1,500000
1 0.16316455912754546000 0.00000000000000000000 -0.08793853009337771000 0.00000000000000000000
1,600000
1 -0.69901385378362100000 0.00000000000000000000 -7.46260431606443800000 0.00000000000000000000
1,700000
1 -0.45599241391726530000 0.00000000000000000000 -3.09578486522405400000 0.00000000000000000000
1,800000
1 0.48267225819124170000 0.00000000000000000000 5.90843055987431300000 0.00000000000000000000
1,900000
1 0.64739898202834170000 0.00000000000000000000 5.51695697972803400000 0.00000000000000000000
2,000000
1 -0.19154365388544714000 0.00000000000000000000 -3.37107956038344400000 0.00000000000000000000
2,100000
1 -0.70869421910026230000 0.00000000000000000000 -6.78046600564302000000 0.00000000000000000000
2,200000
1 -0.11656067123408786000 0.00000000000000000000 0.37491491325679640000 0.00000000000000000000
2,300000
1 0.63673219391997220000 0.00000000000000000000 6.72713206510117200000 0.00000000000000000000
2,400000
1 0.38430575254405497000 0.00000000000000000000 2.50433211889071400000 0.00000000000000000000
2,500000
1 -0.45290507987895110000 0.00000000000000000000 -5.44818636899461600000 0.00000000000000000000
2,600000
1 -0.56527742148924660000 0.00000000000000000000 -4.74791587016650800000 0.00000000000000000000
2,700000
1 0.19771678003033177000 0.00000000000000000000 3.25310929954641400000 0.00000000000000000000
2,800000
1 0.63178544865591600000 0.00000000000000000000 5.98531435072581300000 0.00000000000000000000
2,900000
1 0.07779898561982290000 0.00000000000000000000 -0.59958897205254440000 0.00000000000000000000
3,000000
1 -0.57876332870098090000 0.00000000000000000000 -6.05274388678448400000 0.00000000000000000000
3,100000
1 -0.32205311792346203000 0.00000000000000000000 -1.99926051771642470000 0.00000000000000000000
3,200000
1 0.42329384014066590000 0.00000000000000000000 5.01028584420823400000 0.00000000000000000000
3,300000
1 0.49235980022943890000 0.00000000000000000000 4.07206459076450400000 0.00000000000000000000
3,400000
1 -0.20011773416333678000 0.00000000000000000000 -3.11705787152001350000 0.00000000000000000000
3,500000
1 -0.56218339301534550000 0.00000000000000000000 -5.27271596622392200000 0.00000000000000000000
3,600000
1 -0.04580540518509013000 0.00000000000000000000 0.77156164489123320000 0.00000000000000000000
3,700000
1 0.52498656655399070000 0.00000000000000000000 5.43584979784668100000 0.00000000000000000000
3,800000
1 0.26814273181813230000 0.00000000000000000000 1.56974068501611220000 0.00000000000000000000
3,900000
1 -0.39418701530100253000 0.00000000000000000000 -4.59586790927496600000 0.00000000000000000000
4,000000
1 -0.42773719900049134000 0.00000000000000000000 -3.47939965409311820000 0.00000000000000000000
4,100000
1 0.19947146807348082000 0.00000000000000000000 2.96829241687241650000 0.00000000000000000000
4,200000
1 0.49931671765858865000 0.00000000000000000000 4.63526958329540000000 0.00000000000000000000
4,300000
1 0.01963423368434969000 0.00000000000000000000 -0.89918617194565560000 0.00000000000000000000
4,400000
1 -0.47525163881116517000 0.00000000000000000000 -4.87284178234876900000 0.00000000000000000000
4,500000
1 -0.22159457325717590000 0.00000000000000000000 -1.20614403470762800000 0.00000000000000000000
4,600000
1 0.36585679744574506000 0.00000000000000000000 4.20554218128455100000 0.00000000000000000000
4,700000
1 0.37057642635067944000 0.00000000000000000000 2.96085499803927640000 0.00000000000000000000
4,800000
1 -0.19639676807448947000 0.00000000000000000000 -2.81126782760117240000 0.00000000000000000000
4,900000
1 -0.44264218199894234000 0.00000000000000000000 -4.06609304174810850000 0.00000000000000000000
5,000000
1 0.00154542181435268770 0.00000000000000000000 0.98971094944421080000 0.00000000000000000000
