0
16.795065 1.975799
2.336323 9.835592
8.989856 17.002242
10.328931 13.450109
12.004020 14.009731
6.569244 4.715712
6.646618 11.262383
2.199741 0.992460
0.111729 17.597283
6.999119 1.526264
3.951079 3.226188
19.681209 7.808715
16.749451 3.440241
4.698729 19.337767
10.111871 8.226106
2.998785 10.766236
13.153629 1.915236
1.071533 0.350822
12.891194 18.726257
15.152987 4.165154
15.764135 12.423735
15.587436 15.716147
8.975166 1.304870
0.124529 16.403731
19.417502 3.338959
4.320554 8.689799
12.665703 0.522714
12.233015 10.892992
4.838243 6.377855
1.242116 0.201743
16.097064 16.005632
1.102316 18.798750
16.131396 14.226233
9.221608 6.915866
19.180174 4.069322
1.685771 16.189143
18.979406 15.245208
12.689301 6.859572
12.477857 0.214466
3.804322 3.165821
5.246492 4.087062
8.913274 12.701085
1.214101 3.820360
0.650710 7.556897
14.693595 12.048657
19.844075 17.752584
3.620482 11.365143
0.712869 0.749789
9.507055 5.990524
11.480120 4.777285
1.822873 9.500768
12.569628 18.242082
2.344131 9.649746
12.706980 12.678610
8.471558 4.310833
17.011853 2.488534
3.598497 6.174766
10.563664 1.149560
17.317882 8.079403
5.942156 10.622344
