1 17 34 5 10 
2 3 4 24 14 46 48 
3 2 19 24 
4 2 24 42 26 14 46 48 
5 1 17 34 28 16 
6 35 38 40 25 12 16 
7 22 23 8 27 29 
8 33 39 7 23 45 29 
9 20 37 41 13 32 
10 1 17 34 18 
11 18 
12 35 36 6 40 25 
13 20 41 9 32 
14 2 4 24 42 26 30 46 48 
15 49 38 31 
16 5 6 40 25 
17 33 1 50 18 34 5 10 45 
18 17 10 11 
19 3 37 24 27 
20 41 9 13 32 
21 39 44 32 
22 7 23 27 29 
23 22 7 8 27 29 
24 2 19 3 36 4 30 14 48 
25 6 38 40 12 16 
26 36 4 42 14 46 48 
27 19 37 22 7 23 29 
28 5 43 46 
29 22 7 23 8 27 
30 36 24 42 14 
31 49 15 
32 35 20 21 41 9 44 13 
33 17 50 39 8 45 
34 1 17 5 10 
35 6 40 12 32 
36 24 42 26 12 30 
37 19 9 27 
38 49 6 40 25 15 
39 33 21 8 44 45 
40 35 6 38 25 12 16 
41 20 9 13 32 
42 36 4 26 30 14 48 
43 28 47 
44 21 39 32 
45 33 17 50 39 8 
46 2 4 26 28 14 48 
47 43 
48 2 4 24 42 26 14 46 
49 38 31 15 
50 33 17 45 
