1 385 167 183 72 32 
2 289 18 99 308 276 39 360 376 217 283 47 
3 129 260 391 137 457 140 108 17 182 220 285 317 95 
4 130 307 499 38 358 216 489 75 284 205 94 
5 65 162 483 394 492 14 398 242 437 280 377 28 444 413 350 224 
6 449 499 148 87 281 89 412 46 
7 20 134 438 311 328 282 301 144 
8 385 291 196 201 426 178 114 275 469 406 56 446 318 351 287 
9 290 166 265 155 268 464 
10 419 435 487 124 476 223 
11 354 371 37 70 375 329 139 142 238 31 
12 209 98 402 434 458 44 80 352 
13 226 67 243 387 404 23 393 249 382 302 384 128 
14 65 483 5 101 394 492 398 495 437 280 251 28 413 
15 470 135 440 298 122 346 493 432 
16 337 454 103 74 158 319 
17 129 3 260 341 391 108 317 46 207 
18 2 99 68 360 47 111 143 463 179 308 55 125 189 445 126 286 
19 481 467 420 316 269 176 
20 134 438 7 311 40 282 301 144 
21 259 276 376 169 189 47 
22 115 324 436 421 214 136 408 26 174 175 496 
23 67 243 387 249 13 382 366 302 478 384 96 128 
24 386 339 212 72 472 269 160 176 
25 116 57 265 410 
26 115 22 408 266 254 175 112 496 
27 184 153 107 187 127 271 
28 483 5 437 280 394 251 252 413 14 398 224 320 
29 33 53 296 154 299 411 60 431 
30 241 210 306 325 38 216 58 106 284 94 
31 354 372 37 309 375 329 425 11 91 139 
32 1 386 405 72 472 415 
33 114 471 264 296 362 60 29 414 
34 375 425 109 142 238 78 383 
35 274 163 215 152 104 233 427 335 400 
36 66 131 166 71 155 334 
37 354 372 309 375 329 425 11 91 139 31 
38 4 325 106 267 205 241 210 306 216 58 284 30 94 
39 289 370 2 276 197 376 217 283 256 448 192 
40 20 85 102 134 438 311 347 428 430 144 
41 227 229 246 470 151 298 300 493 432 
42 498 164 500 85 438 282 428 349 352 
43 257 417 452 326 235 364 333 206 403 84 247 407 344 
44 97 98 434 244 132 342 363 12 92 
45 465 194 435 293 487 443 479 
46 17 129 449 6 87 391 281 73 108 412 207 
47 289 2 18 99 179 308 276 21 55 376 189 463 
48 323 120 73 345 124 93 
49 321 211 455 361 170 315 141 365 
50 81 209 52 244 133 458 77 495 80 
51 258 131 388 121 377 348 444 334 350 368 
52 81 209 353 50 244 133 458 77 495 80 208 
53 296 313 154 123 299 411 60 204 29 431 
54 466 422 232 186 62 336 
55 99 360 47 111 463 18 179 308 125 189 445 126 286 
56 433 178 291 196 469 278 406 8 201 446 351 
57 25 265 268 
58 210 306 325 38 216 267 332 30 94 
59 226 338 468 69 453 200 141 223 64 
60 33 53 296 411 29 414 
61 119 247 343 235 172 206 62 
62 257 54 199 232 235 61 206 336 
63 146 180 404 485 120 220 476 93 397 
64 146 226 387 404 468 69 453 200 59 382 223 
65 353 162 355 483 5 168 394 492 14 398 495 208 242 437 280 121 377 413 
66 131 36 166 71 155 334 
67 387 393 13 366 302 243 23 249 188 478 382 384 128 
68 18 228 405 360 475 236 237 125 445 126 159 143 
69 146 226 387 404 468 453 200 59 476 382 223 64 
70 418 371 340 11 142 416 
71 66 131 36 388 262 138 395 348 334 368 
72 1 386 339 212 183 24 472 32 
73 449 323 499 182 345 108 46 207 48 
74 337 231 266 477 110 158 254 16 112 
75 130 307 4 358 279 216 490 94 303 304 
76 274 163 389 231 104 137 457 477 
77 50 52 133 374 331 413 398 495 
78 34 83 109 238 383 
79 497 484 327 184 202 330 380 462 416 
80 81 209 50 434 52 294 458 347 12 
81 209 353 50 52 458 495 80 208 
82 450 119 343 332 
83 177 248 250 109 78 383 
84 417 403 452 407 344 153 43 333 
85 402 438 40 42 428 349 352 
86 273 167 105 90 367 
87 129 449 148 341 6 391 281 412 46 
88 451 202 330 474 380 381 240 
89 307 6 490 303 
90 405 86 167 312 105 303 
91 257 354 372 37 309 199 375 425 139 31 
92 97 324 132 421 245 342 136 408 363 44 
93 146 180 485 182 120 124 476 397 63 48 
94 130 4 38 358 216 489 58 75 284 205 30 
95 3 260 137 457 140 220 285 317 
96 338 243 23 365 302 478 
97 225 132 342 44 92 272 
98 402 434 132 458 12 44 352 
99 2 18 179 308 55 360 376 189 286 47 111 463 
100 273 193 373 299 
101 149 442 251 379 14 447 480 320 
102 134 294 311 40 456 314 219 347 430 239 255 144 
103 195 374 454 331 222 319 16 
104 274 163 35 231 137 427 76 
105 86 167 312 90 303 
106 241 210 325 38 284 30 
107 184 330 27 187 127 271 
108 17 129 3 260 182 391 73 317 285 46 207 
109 34 83 78 142 238 383 
110 337 231 74 266 477 158 254 112 
111 18 99 179 308 55 189 126 286 463 
112 337 115 231 26 74 266 110 254 175 
113 278 429 
114 33 433 275 291 406 471 8 362 426 221 414 318 
115 421 22 214 136 152 408 26 427 174 175 496 112 
116 370 197 25 410 256 448 
117 419 435 310 487 479 
118 147 165 197 359 217 475 396 
119 82 247 343 235 172 61 206 
120 146 180 485 124 476 93 397 63 48 
121 65 353 162 355 483 388 168 138 492 208 368 242 51 377 348 444 350 
122 470 135 298 346 493 15 432 
123 53 215 392 297 154 204 253 174 335 431 400 
124 419 120 10 476 93 48 
125 18 68 228 405 55 360 475 445 126 159 143 
126 18 68 228 405 55 312 360 125 445 415 111 143 
127 371 484 327 184 330 27 107 187 416 
128 67 243 387 23 393 249 13 382 366 302 478 384 
129 17 3 260 341 87 391 281 108 317 46 207 
130 307 4 358 279 216 75 267 205 94 304 
131 66 51 36 388 262 71 138 395 348 334 368 
132 97 98 342 363 44 92 
133 50 52 374 331 77 495 
134 102 7 40 456 301 430 239 144 20 438 311 314 219 
135 389 440 122 346 298 491 493 15 432 
136 115 324 436 421 245 22 439 408 363 92 496 
137 3 104 457 76 140 220 285 317 95 
138 131 388 262 71 168 121 377 395 348 334 255 368 
139 354 372 37 309 375 329 425 11 91 238 31 
140 3 488 137 457 220 285 95 
141 49 338 59 365 
142 34 418 371 340 70 375 11 109 238 
143 18 68 228 405 360 475 125 445 126 159 415 
144 20 102 134 438 7 311 40 456 314 219 430 239 
145 466 498 164 500 277 150 232 186 349 494 272 
146 180 404 69 453 485 120 476 93 397 382 63 64 
147 118 424 475 236 396 237 159 160 
148 341 6 87 281 412 
149 101 251 379 252 480 240 320 
150 145 498 164 500 277 186 349 494 272 
151 227 229 295 41 300 190 
152 274 115 35 215 233 427 253 174 175 335 400 496 
153 403 84 344 27 187 271 
154 53 296 392 297 123 204 29 191 431 
155 66 290 36 166 9 
156 401 295 409 218 173 461 190 
157 161 198 265 171 268 381 
158 337 231 74 266 477 110 254 16 
159 147 68 228 475 236 237 125 445 143 
160 386 339 147 212 24 472 236 269 237 176 288 
161 198 265 171 268 157 381 
162 65 353 355 483 5 168 394 492 398 208 368 242 280 121 377 444 
163 274 35 104 233 427 76 
164 145 498 500 277 150 42 186 349 494 352 
165 322 197 118 390 359 217 410 203 448 
166 66 290 36 9 155 
167 1 86 105 90 367 
168 65 353 162 355 483 388 262 138 492 208 368 242 121 377 348 255 
169 21 247 407 364 333 
170 49 321 322 211 390 455 361 315 203 464 
171 161 451 198 157 381 
172 119 247 235 364 61 206 
173 401 467 213 295 409 218 156 461 
174 297 233 427 204 175 335 400 496 115 22 214 215 152 123 253 
175 115 421 22 152 408 26 427 174 496 112 
176 369 19 339 212 292 24 459 316 269 160 288 
177 466 83 422 250 
178 385 291 196 406 183 56 8 201 446 351 287 
179 18 99 308 55 360 189 445 286 47 111 463 
180 146 404 485 182 120 220 285 93 397 63 
181 306 185 282 460 
182 3 180 260 73 108 285 93 397 207 
183 1 385 178 291 196 72 472 287 
184 371 484 327 330 27 107 187 79 127 416 
185 450 181 343 460 
186 145 225 466 164 277 54 150 422 494 272 336 
187 184 153 329 27 107 127 271 
188 482 67 243 486 393 473 346 366 384 
189 18 99 179 308 21 55 286 47 111 463 304 
190 401 151 295 409 156 
191 248 392 297 154 
192 289 370 276 39 376 256 
193 273 100 373 313 299 
194 465 456 314 395 45 239 479 
195 227 454 246 103 442 
196 385 291 8 201 178 469 278 406 183 56 446 351 287 
197 116 165 118 359 39 217 410 283 448 
198 161 451 171 157 381 271 
199 257 372 309 326 235 91 206 62 
200 226 338 387 468 69 453 249 59 382 302 478 64 
201 385 291 196 8 178 469 278 406 56 441 446 351 287 
202 497 88 330 474 252 380 462 79 240 
203 321 322 211 165 390 359 170 396 
204 53 215 233 313 154 123 253 174 335 431 400 
205 130 323 499 4 38 358 216 345 489 284 94 
206 257 417 119 247 199 43 235 172 364 61 62 
207 17 129 449 260 182 73 108 46 
208 65 353 162 355 483 168 394 492 398 495 81 242 52 280 121 413 
209 81 50 434 52 294 458 347 12 80 
210 241 306 325 38 58 106 30 
211 49 321 322 455 361 170 315 203 464 
212 386 339 24 72 472 269 160 176 
213 481 467 420 173 
214 115 324 436 421 22 392 408 297 253 174 496 
215 35 152 233 313 123 427 204 253 174 335 431 400 
216 130 4 38 358 279 58 75 267 284 205 30 94 
217 2 165 197 118 359 39 283 448 
218 401 467 409 441 156 173 461 
219 465 102 134 311 456 314 430 239 144 
220 3 180 485 488 137 457 140 285 397 95 63 
221 114 275 362 426 299 318 367 
222 245 374 103 439 331 319 
223 226 419 69 453 10 59 476 382 64 
224 5 474 28 252 240 320 
225 97 466 342 186 270 272 
226 387 69 453 200 13 302 338 468 249 59 382 223 64 
227 195 229 246 151 41 442 300 447 
228 68 405 360 475 236 237 125 445 126 159 415 143 
229 227 246 151 41 442 300 
230 293 357 263 234 
231 337 104 74 266 76 477 110 158 254 112 
232 145 466 498 277 54 62 494 336 
233 274 35 163 215 152 427 204 253 174 335 400 
234 293 357 230 263 443 
235 257 417 452 199 43 172 364 333 206 119 247 407 61 62 
236 386 339 147 68 228 475 237 159 415 160 
237 386 339 147 68 228 475 236 159 415 160 
238 34 375 425 11 139 109 142 78 383 
239 465 194 102 134 456 314 219 395 430 144 
240 149 88 202 474 252 380 462 224 320 
241 210 323 325 38 106 284 30 
242 65 353 162 355 483 5 168 394 492 398 495 208 437 280 121 377 444 413 
243 482 67 387 13 366 302 23 249 188 478 384 96 128 
244 50 52 245 439 458 363 44 
245 244 439 136 363 92 222 
246 195 227 229 41 298 442 432 
247 119 407 169 43 235 172 364 61 333 206 
248 83 436 392 297 250 270 191 
249 226 67 387 200 393 13 302 243 468 23 382 478 128 
250 177 83 422 248 270 
251 101 149 442 379 28 14 447 480 320 
252 149 202 474 28 224 240 320 480 
253 214 215 152 233 123 427 204 174 335 400 
254 337 231 26 74 266 477 110 158 112 
255 388 102 262 294 456 168 138 395 347 348 430 368 
256 370 116 39 448 192 
257 417 452 372 309 326 199 43 235 91 364 206 62 
258 51 444 350 
259 21 279 267 332 
260 17 129 3 182 391 108 317 285 207 95 
261 305 292 423 459 399 288 
262 131 388 71 456 168 138 395 348 334 255 368 
263 293 230 234 
264 33 471 378 414 
265 161 9 25 57 268 157 
266 337 231 26 74 477 110 158 254 112 
267 130 259 325 38 279 216 58 332 
268 161 290 9 57 265 157 
269 19 339 212 292 24 472 316 160 176 288 
270 225 248 250 272 
271 198 153 27 107 187 
272 97 145 225 466 150 422 186 270 
273 193 100 373 86 299 
274 35 163 152 104 233 427 76 335 
275 385 114 291 8 362 426 221 318 367 
276 289 2 21 39 376 47 192 
277 145 498 164 500 150 232 186 349 494 
278 113 433 196 469 406 56 441 201 446 351 
279 130 259 358 216 75 267 304 
280 65 353 162 355 483 5 394 492 14 398 495 208 242 437 28 413 
281 129 148 341 6 87 412 46 
282 20 181 438 7 42 428 301 
283 289 2 197 39 360 376 217 448 
284 241 323 499 4 38 216 345 489 106 205 30 94 
285 3 180 260 182 137 457 140 220 108 317 95 
286 18 99 179 308 55 189 111 463 304 
287 385 178 291 196 183 8 201 446 351 
288 305 339 292 261 423 424 459 269 160 176 
289 370 2 276 39 376 283 47 192 
290 166 9 155 268 464 
291 385 196 8 201 426 178 114 275 406 183 56 446 318 351 287 
292 369 481 305 261 423 459 316 269 399 176 288 
293 357 230 263 234 443 45 
294 209 102 458 347 430 255 80 
295 401 151 409 156 173 190 
296 33 53 154 411 60 29 431 
297 436 421 214 248 392 154 123 174 191 
298 246 470 135 41 122 493 15 432 
299 273 193 100 373 53 411 29 221 
300 227 229 151 41 442 379 447 
301 20 134 438 7 328 282 
302 226 67 387 200 13 366 338 243 468 23 249 382 478 96 128 
303 307 105 89 90 490 75 
304 130 279 75 189 286 463 
305 292 261 423 424 396 288 
306 210 181 325 38 58 30 
307 130 4 358 89 490 75 303 
308 2 99 360 47 111 463 18 179 55 376 189 445 286 
309 257 417 354 372 37 326 199 329 91 139 31 
310 419 435 117 487 328 479 
311 20 102 134 438 7 40 314 219 430 144 
312 405 105 90 126 
313 193 53 373 215 204 431 
314 465 194 102 134 311 456 219 430 239 144 
315 49 321 211 455 361 170 365 464 
316 369 481 19 467 292 420 269 176 
317 17 129 3 260 391 137 108 285 95 
318 385 114 275 291 8 362 426 221 367 
319 374 454 103 331 222 16 
320 101 149 251 379 28 252 447 224 240 480 
321 49 322 211 390 455 424 170 315 203 396 
322 321 211 165 390 359 170 203 396 
323 241 499 73 345 489 284 205 48 
324 436 421 22 214 342 136 408 92 
325 241 210 306 38 58 106 267 30 
326 257 417 403 452 372 309 199 344 329 43 364 
327 497 484 184 330 79 127 416 
328 310 7 301 
329 354 372 37 309 326 187 11 139 31 
330 497 451 484 327 88 184 202 107 380 79 127 416 
331 133 374 454 103 439 77 222 319 
332 82 259 58 267 
333 417 403 84 452 247 407 344 169 43 235 364 
334 66 131 51 36 388 262 71 138 395 348 368 
335 274 35 215 152 233 123 427 204 253 174 400 
336 466 54 422 232 186 62 
337 231 74 266 477 110 158 254 16 112 
338 226 468 200 59 141 365 302 478 96 
339 386 212 24 72 472 236 269 237 160 176 288 
340 418 70 142 
341 17 129 148 87 391 281 412 
342 97 225 132 324 363 44 92 
343 82 450 119 185 460 61 
344 417 403 84 452 326 407 153 43 364 333 
345 449 323 499 73 489 284 205 48 
346 486 135 440 473 122 491 188 15 384 
347 209 434 102 294 40 458 430 255 80 
348 131 388 262 71 168 138 395 334 368 51 121 377 350 255 
349 145 498 164 500 277 85 150 42 428 494 352 
350 258 51 483 5 121 377 348 444 
351 291 196 8 201 433 178 469 278 406 56 441 446 287 
352 98 402 434 164 85 42 428 12 349 
353 65 162 355 483 168 394 492 398 495 208 81 242 52 437 280 121 413 
354 372 37 309 375 329 425 11 91 139 31 
355 65 353 162 483 168 394 492 398 495 208 242 280 121 377 
356 429 
357 293 230 361 234 
358 130 307 4 279 216 490 75 205 94 
359 322 165 197 118 390 217 410 203 396 448 
360 2 99 68 228 143 18 179 308 55 283 475 125 445 126 
361 49 211 357 455 170 315 464 
362 33 114 275 471 426 221 414 318 
363 244 132 245 342 439 136 44 92 
364 257 417 452 326 169 43 235 172 333 206 403 247 407 344 
365 49 338 455 315 141 478 96 
366 482 67 243 486 23 188 302 384 128 
367 275 86 167 426 221 318 
368 162 131 388 262 71 168 138 395 334 51 121 377 348 255 
369 481 467 292 420 459 316 399 176 
370 289 116 39 256 192 
371 418 70 184 11 142 127 416 
372 257 417 354 452 37 309 326 199 329 91 139 31 
373 273 193 100 313 299 
374 133 454 103 331 77 222 319 
375 34 354 37 425 11 91 139 142 238 31 
376 289 2 99 308 276 21 39 283 47 192 
377 65 162 355 483 388 5 168 138 492 368 242 51 121 348 444 350 
378 433 471 264 414 
379 101 149 442 251 300 447 480 320 
380 497 451 88 202 330 474 79 240 
381 161 451 198 88 474 171 157 
382 226 387 67 69 453 200 13 302 146 404 468 23 249 223 64 128 
383 34 83 109 78 238 
384 482 67 243 486 23 393 473 346 188 13 366 128 
385 1 178 275 291 196 183 8 201 426 446 318 287 
386 339 212 24 72 472 236 237 415 160 32 
387 226 67 69 453 200 393 13 302 243 404 468 23 249 382 478 64 128 
388 131 262 71 168 138 395 334 368 51 121 377 348 255 
389 135 440 488 457 491 76 477 
390 321 322 165 359 170 203 396 
391 17 129 3 260 341 87 108 317 46 
392 436 214 248 297 154 123 191 
393 67 387 404 486 488 473 249 188 13 384 128 
394 65 353 162 355 483 5 492 14 398 495 208 242 437 280 28 413 
395 194 131 388 262 71 456 138 348 334 239 255 368 
396 305 321 322 147 118 390 359 424 203 
397 146 180 404 485 182 120 220 476 93 63 
398 65 353 162 355 483 5 394 492 77 14 495 208 242 437 280 28 413 
399 369 481 482 292 261 459 
400 35 215 152 233 123 427 204 253 174 335 
401 295 409 218 156 173 461 190 
402 98 434 85 458 12 352 
403 417 84 452 326 407 344 153 43 364 333 
404 146 387 180 69 453 485 393 397 13 382 63 64 
405 68 228 312 90 125 126 415 143 32 
406 433 114 178 291 196 469 278 56 8 201 446 351 
407 417 403 84 452 247 344 169 43 235 364 333 
408 115 324 436 421 22 214 136 26 92 175 496 
409 401 295 218 156 173 190 
410 116 165 197 359 25 448 
411 53 296 299 60 29 431 
412 148 341 6 87 281 46 
413 65 353 483 5 394 492 77 14 398 495 208 242 437 280 28 
414 33 114 471 264 362 378 60 
415 386 228 405 236 237 126 143 32 
416 497 371 484 70 327 184 330 79 127 
417 257 452 326 43 235 364 333 206 403 84 372 309 407 344 
418 371 340 70 142 
419 435 117 310 487 10 124 476 223 
420 369 481 19 467 213 316 
421 115 324 436 22 214 136 408 297 92 175 496 
422 177 466 54 186 250 272 336 
423 305 292 261 424 459 288 
424 305 321 147 423 396 288 
425 34 354 37 375 91 139 238 31 
426 385 114 275 291 8 362 221 318 367 
427 163 35 104 233 174 175 335 400 496 274 115 215 152 253 
428 500 85 438 40 42 282 349 352 
429 113 356 441 
430 102 134 294 311 40 456 314 219 347 239 255 144 
431 53 215 296 313 154 123 411 204 29 
432 246 470 135 41 298 122 493 15 
433 114 469 278 406 471 56 378 351 
434 209 98 402 458 347 12 44 80 352 
435 419 117 310 487 10 45 479 
436 324 421 22 214 136 248 392 408 297 496 
437 65 353 483 5 394 492 14 398 495 242 280 28 413 
438 20 85 134 7 311 40 42 282 428 301 144 
439 244 245 136 331 363 222 
440 389 135 473 346 491 15 
441 469 278 201 218 429 461 446 351 
442 195 227 101 229 246 251 379 300 447 
443 293 234 45 
444 162 242 258 51 483 5 121 377 350 
445 18 179 68 228 308 55 360 475 125 126 159 143 
446 385 291 196 8 201 178 469 278 406 56 441 351 287 
447 227 101 442 251 379 300 480 320 
448 116 165 197 359 39 217 410 283 256 
449 499 6 87 73 345 489 46 207 
450 82 343 185 460 
451 198 88 330 474 171 380 381 
452 257 417 403 84 372 326 407 344 43 235 364 333 
453 146 226 387 404 468 69 200 59 476 382 223 64 
454 195 374 103 331 319 16 
455 49 321 211 361 170 315 365 
456 465 194 102 134 262 314 219 395 430 239 255 144 
457 3 389 488 137 76 140 220 285 95 
458 81 209 50 98 402 434 52 244 294 347 12 80 
459 369 481 292 261 423 399 176 288 
460 450 498 500 181 343 185 
461 401 467 441 218 156 173 
462 497 202 79 240 
463 18 99 179 308 55 189 286 47 111 304 
464 290 211 361 9 170 315 
465 194 456 314 219 45 239 479 
466 145 177 225 54 422 232 186 272 336 
467 369 481 19 420 213 218 316 173 461 
468 226 338 387 69 453 200 249 59 382 302 478 64 
469 433 196 278 406 56 8 441 201 446 351 
470 41 298 122 493 15 432 
471 33 433 114 264 362 378 414 
472 386 339 212 183 24 72 269 160 32 
473 486 440 488 393 346 491 188 384 
474 451 88 202 252 380 381 224 240 
475 147 68 228 118 360 236 237 125 445 159 143 
476 146 419 69 453 485 120 10 124 93 397 63 223 
477 337 389 231 74 266 76 110 158 254 
478 338 67 243 387 468 23 200 249 365 302 96 128 
479 465 194 435 117 310 487 45 
480 101 149 251 379 252 447 320 
481 369 19 467 292 420 213 459 316 399 
482 243 188 366 399 384 
483 65 353 162 355 5 168 394 492 14 398 208 242 437 280 121 377 28 444 413 350 
484 497 327 184 330 79 127 416 
485 146 180 404 120 220 476 93 397 63 
486 393 473 346 188 366 384 
487 419 435 117 310 10 45 479 
488 389 393 457 473 140 220 
489 449 323 499 4 345 284 205 94 
490 307 358 89 75 303 
491 389 135 440 473 346 
492 65 353 162 355 483 5 168 394 14 398 495 208 242 437 280 121 377 413 
493 470 135 41 298 122 15 432 
494 145 498 164 500 277 150 232 186 349 
495 65 353 355 133 394 492 77 14 398 208 81 50 242 52 437 280 413 
496 115 436 421 22 214 136 152 408 26 427 174 175 
497 484 327 202 330 380 462 79 416 
498 145 164 500 277 150 232 42 460 349 494 
499 449 323 4 6 73 345 489 284 205 
500 145 498 164 277 150 42 428 460 349 494 
