50
100.0
1.261152 1.000000
1.594009 1.000000
1.267184 1.000000
1.249325 1.000000
1.713315 1.000000
1.770758 1.000000
1.194880 1.000000
1.368707 1.000000
1.301886 1.000000
1.452638 1.000000
1.751672 1.000000
1.920929 1.000000
1.182165 1.000000
1.545902 1.000000
1.970094 1.000000
1.945735 1.000000
1.937948 1.000000
1.681197 1.000000
1.037630 1.000000
1.308003 1.000000
1.626612 1.000000
1.060804 1.000000
1.378820 1.000000
1.188588 1.000000
1.057726 1.000000
1.640573 1.000000
1.699165 1.000000
1.794025 1.000000
1.347937 1.000000
1.588964 1.000000
1.522375 1.000000
1.798318 1.000000
1.467741 1.000000
1.115028 1.000000
1.940947 1.000000
1.320057 1.000000
1.449839 1.000000
1.437810 1.000000
1.269801 1.000000
1.559410 1.000000
1.164158 1.000000
1.881591 1.000000
1.043691 1.000000
1.572077 1.000000
1.081164 1.000000
1.824526 1.000000
1.331301 1.000000
1.041061 1.000000
1.243026 1.000000
1.502668 1.000000
